P9997 0.106158494949 85.4 3309.4 67.1 3325.5 54.1 3302.2 72.4 3286.1
P2733 0.15614952147 2255.2 2460.3 2227.3 2491.7 2196.1 2463.2 2224.0 2431.8
P2733 0.106952436268 2215.2 2534.7 2150.6 2616.4 2109.6 2580.7 2174.2 2499.0
P2733 0.102803304791 2490.8 2096.7 2457.1 2140.8 2409.9 2098.8 2443.6 2054.7
P2645 0.112810820341 756.6 934.9 729.2 987.3 703.5 973.5 731.0 921.0
P2645 0.112345419824 3120.6 845.9 3073.9 884.7 3043.3 796.9 3089.9 758.1
P2645 0.100030213594 1963.0 2165.0 1928.6 2213.1 1911.7 2198.9 1946.1 2150.8
P1242 0.169663310051 3230.6 1896.4 3175.5 1965.0 3142.6 1940.0 3197.7 1871.4
P1242 0.142333477736 3182.8 1875.7 3136.1 1940.4 3085.7 1903.2 3132.5 1838.5
P1242 0.141610115767 3100.3 1838.2 3051.8 1904.6 3016.6 1877.7 3065.1 1811.3
P2286 0.173757866025 1319.3 27.3 1282.2 69.1 1244.2 32.2 1281.3 -9.6
P2286 0.168347686529 1367.4 81.5 1322.6 123.8 1292.7 90.4 1337.6 48.1
P2286 0.157123491168 1429.5 168.1 1391.6 206.4 1367.0 179.3 1404.9 141.0
P2286 0.145562902093 1178.4 562.0 1121.5 618.5 1089.8 593.8 1146.7 537.3
P2286 0.144403487444 1256.9 432.5 1194.9 500.7 1164.3 475.8 1226.3 407.7
P2286 0.143097817898 1402.8 129.9 1355.3 177.1 1329.6 145.9 1377.1 98.8
P2286 0.128122255206 492.8 429.7 434.4 480.6 406.9 446.0 465.3 395.1
P2286 0.111471965909 343.8 552.6 297.3 595.7 269.3 563.9 315.8 520.7
P2286 0.10942684114 1297.6 396.0 1249.6 449.5 1210.1 415.3 1258.2 361.8
P8601 0.132966592908 745.8 810.2 742.6 823.1 721.8 816.7 725.0 803.9
P5789 0.146635577083 23577.0 383.4 23521.9 433.2 23482.5 396.5 23537.7 346.7
