P5789 0.410770893097 10883.7 3102.6 10850.4 3129.3 10825.4 3094.4 10858.7 3067.7
P5789 0.405890852213 26494.2 7144.8 26458.9 7174.7 26430.7 7140.5 26466.0 7110.7
P5789 0.403753697872 19195.2 7699.8 19165.9 7732.5 19138.1 7704.5 19167.4 7671.8
P5789 0.401875436306 9821.7 5286.8 9797.5 5328.9 9750.8 5301.2 9775.0 5259.1
P5789 0.400453776121 27094.0 20198.0 27062.1 20234.6 27021.6 20197.9 27053.5 20161.4
P5789 0.388065397739 16517.1 11194.5 16485.6 11233.6 16447.4 11202.8 16478.9 11163.6
P5789 0.387340039015 26536.4 10474.1 26513.8 10511.0 26476.3 10490.1 26498.9 10453.2
P5789 0.386458009481 10913.0 2665.9 10888.6 2691.7 10860.4 2667.2 10884.7 2641.3
P5789 0.384744137526 24567.2 21557.5 24525.9 21588.9 24493.6 21543.2 24534.8 21511.8
P5789 0.384712189436 10820.1 2693.8 10797.2 2722.3 10768.6 2703.3 10791.6 2674.8
P5789 0.384176194668 18778.8 2854.4 18744.5 2891.4 18705.8 2854.2 18740.1 2817.3
P5789 0.383818149567 24668.0 21608.9 24620.7 21643.4 24584.7 21596.0 24632.0 21561.5
P5789 0.381174236536 27063.1 20050.9 27037.1 20084.0 27005.9 20057.4 27031.9 20024.2
P5789 0.379610478878 26275.8 21544.2 26246.3 21571.6 26217.1 21540.5 26246.6 21513.1
P5789 0.378400295973 23384.0 25012.1 23338.9 25042.7 23308.2 24992.7 23353.2 24962.1
P5789 0.37763735652 25242.7 7377.1 25204.4 7412.2 25170.0 7372.0 25208.2 7336.9
P5789 0.375396072865 27303.5 3874.7 27265.3 3909.3 27229.2 3866.5 27267.5 3832.0
P5789 0.37414252758 14819.2 10698.0 14783.7 10732.9 14745.5 10698.5 14781.0 10663.6
P5789 0.374058455229 9469.6 5142.9 9442.2 5169.1 9416.0 5141.4 9443.4 5115.2
P5789 0.372488170862 29057.8 8843.7 29021.7 8869.4 28994.8 8834.2 29031.0 8808.5
P5789 0.371165186167 26248.5 21417.3 26217.4 21448.0 26188.0 21418.4 26219.1 21387.7
P5789 0.371117383242 28545.2 25544.9 28514.3 25581.1 28475.0 25548.1 28506.0 25511.9
P5789 0.369091868401 24488.2 21752.9 24449.3 21790.6 24412.0 21748.3 24450.9 21710.6
P5789 0.366599261761 19920.6 9744.0 19888.3 9781.5 19852.2 9748.1 19884.5 9710.6
P5789 0.36529019475 18824.1 2982.0 18783.9 3026.9 18740.1 2981.9 18780.3 2937.0
P5789 0.363454431295 11587.7 6861.2 11558.6 6894.3 11528.8 6863.2 11557.8 6830.2
P5789 0.36328163743 21241.4 14733.3 21209.8 14763.0 21178.9 14727.4 21210.5 14697.8
P5789 0.360762357712 25299.6 7529.0 25272.4 7559.1 25241.4 7531.5 25268.6 7501.5
P5789 0.358749121428 16488.9 9232.2 16451.4 9272.1 16411.8 9236.3 16449.3 9196.3
P5789 0.358645379543 18403.3 3015.1 18374.9 3049.8 18337.4 3022.0 18365.9 2987.4
P5789 0.358306109905 12809.7 7802.3 12777.1 7832.1 12747.0 7794.9 12779.5 7765.1
P5789 0.355320721865 19689.6 20869.5 19647.8 20904.9 19611.0 20863.4 19652.9 20828.1
P5789 0.353756248951 19593.2 19895.7 19558.0 19928.4 19523.3 19893.7 19558.5 19860.9
P5789 0.35343760252 11381.5 4503.5 11347.4 4538.7 11311.6 4501.9 11345.7 4466.7
P5789 0.353272259235 4895.6 20878.4 4848.9 20910.9 4812.3 20863.2 4858.9 20830.7
P5789 0.352504640818 24338.9 27156.1 24308.2 27187.5 24273.7 27151.5 24304.4 27120.1
P5789 0.348652809858 16371.2 9265.4 16336.2 9304.2 16298.2 9267.7 16333.2 9228.9
P5789 0.344807893038 27625.3 4935.4 27587.5 4973.7 27547.4 4933.1 27585.2 4894.9
P5789 0.340599179268 26630.2 7015.8 26595.6 7050.4 26557.6 7012.9 26592.2 6978.2
P5789 0.336451500654 22151.2 946.7 22116.2 969.7 22093.9 929.5 22129.0 906.6
P5789 0.333678305149 16415.0 10140.0 16384.7 10171.3 16350.2 10137.3 16380.4 10106.0
P5789 0.331955730915 9484.9 2247.2 9454.1 2284.7 9415.2 2253.1 9446.0 2215.6
P5789 0.329200267792 10918.4 3241.8 10887.9 3266.2 10863.2 3235.7 10893.7 3211.3
P5789 0.328828275204 22500.9 25331.4 22463.7 25362.4 22431.4 25322.5 22468.7 25291.5
P5789 0.327581614256 11667.2 6858.5 11626.2 6891.6 11593.4 6849.8 11634.4 6816.7
P5789 0.326746314764 138.7 18555.5 104.1 18575.2 81.4 18537.3 115.9 18517.7
P5789 0.32385918498 27142.8 20042.9 27110.5 20073.3 27077.4 20042.1 27109.7 20011.7
P5789 0.321243941784 24650.4 21536.5 24602.8 21567.6 24569.7 21515.5 24617.3 21484.4
P5789 0.320531100035 3608.4 15837.5 3572.5 15864.0 3548.0 15822.9 3583.9 15796.3
P5789 0.315938442945 16415.1 9191.7 16382.4 9230.1 16341.5 9197.1 16374.2 9158.7
P5789 0.314442306757 22135.8 883.7 22107.8 907.6 22085.6 880.5 22113.6 856.6
P5789 0.310739964247 3612.2 15901.6 3580.0 15930.8 3553.7 15896.0 3585.9 15866.8
P5789 0.308996766806 25593.5 7278.2 25561.0 7308.9 25530.9 7278.5 25563.4 7247.8
P5789 0.308237314224 29041.6 10895.9 29016.6 10930.6 28987.4 10908.3 29012.4 10873.5
P5789 0.306247144938 19529.0 19915.3 19495.0 19943.1 19467.7 19905.8 19501.7 19878.0
P5789 0.305249989033 15632.1 12283.1 15604.3 12316.4 15572.6 12290.0 15600.5 12256.7
P5789 0.298938155174 21201.0 14988.1 21153.5 15022.8 21114.7 14968.8 21162.2 14934.0
P5789 0.296122968197 27469.7 10315.5 27437.6 10355.0 27399.9 10321.4 27432.0 10281.9
P5789 0.290593236685 20426.2 22021.6 20385.2 22050.6 20354.2 22007.5 20395.2 21978.5
P5789 0.289932101965 16466.2 11259.3 16432.0 11286.0 16402.4 11250.0 16436.6 11223.3
P5789 0.288118690252 16510.3 11308.9 16476.6 11332.6 16454.9 11295.4 16488.6 11271.8
P5789 0.280265837908 27357.2 3747.2 27324.0 3776.9 27295.2 3745.4 27328.4 3715.7
P5789 0.270985245705 10955.5 3331.9 10912.7 3346.7 10897.1 3297.8 10939.8 3283.0
P5789 0.2648614645 21051.8 14014.6 21020.7 14044.0 20992.2 14014.8 21023.3 13985.4
P5789 0.264849841595 5077.3 20446.4 5034.4 20481.8 4998.5 20438.0 5041.4 20402.7
P5789 0.26434648037 19505.8 19845.9 19473.8 19887.4 19435.3 19854.4 19467.2 19812.9
P5789 0.26320156455 16076.1 1654.0 16041.4 1680.3 16016.7 1646.6 16051.4 1620.3
P5789 0.262705862522 25387.2 7417.1 25353.3 7448.1 25321.7 7411.4 25355.6 7380.5
P5789 0.262296080589 22187.7 875.1 22155.7 896.0 22137.6 865.2 22169.6 844.4
P5789 0.26114782691 27319.2 3788.3 27288.3 3809.0 27270.4 3775.1 27301.3 3754.4
P5789 0.258665949106 19867.4 9626.6 19837.0 9650.9 19809.7 9618.5 19840.1 9594.1
P5789 0.257417798042 9621.0 5330.9 9585.9 5380.5 9535.7 5344.7 9570.8 5295.1
P5789 0.252141445875 19981.5 4240.4 19949.1 4253.2 19936.2 4220.7 19968.6 4207.8
P5789 0.248778358102 13106.7 768.6 13071.3 802.1 13033.6 763.0 13069.0 729.5
P5789 0.247349128127 19188.7 9991.2 19166.3 10005.2 19151.8 9980.0 19174.2 9966.1
P5789 0.247244313359 13691.2 3909.6 13663.8 3938.8 13633.5 3910.5 13660.8 3881.4
P5789 0.243211612105 21214.7 14675.6 21177.6 14695.6 21157.8 14657.2 21194.9 14637.1
P5789 0.242834866047 29171.0 4465.6 29122.5 4493.7 29088.7 4433.7 29137.2 4405.6
P5789 0.239506989717 28442.6 25622.8 28411.9 25647.1 28386.7 25613.9 28417.5 25589.5
P5789 0.23731712997 16930.4 8219.3 16893.9 8238.3 16874.8 8202.4 16911.3 8183.4
P5789 0.235005617142 10990.9 3471.5 10961.9 3500.0 10935.0 3469.4 10964.0 3440.9
P5789 0.233398780227 19303.3 3039.5 19266.2 3059.8 19244.9 3021.8 19282.0 3001.6
P5789 0.23174957931 4843.7 20811.2 4815.8 20845.2 4785.9 20817.9 4813.7 20783.9
P5789 0.221585676074 29216.9 9257.3 29187.8 9287.6 29164.4 9251.8 29193.4 9221.5
P5789 0.217084303498 12947.1 7980.3 12905.9 8009.8 12872.7 7960.4 12914.0 7930.9
P5789 0.214717671275 16781.0 286.1 16731.3 318.4 16703.1 270.2 16752.8 237.8
P5789 0.203493744135 19563.8 20868.7 19529.8 20894.5 19504.6 20863.6 19538.6 20837.7
P5789 0.201619997621 27193.5 20712.3 27155.2 20729.7 27139.7 20691.5 27178.0 20674.1
P5789 0.200529307127 13580.1 3986.9 13550.3 4017.4 13520.1 3985.1 13549.9 3954.7
P5789 0.200007632375 19858.9 20556.0 19820.9 20591.3 19785.3 20552.1 19823.3 20516.9
P5789 0.196845054626 16726.9 173.5 16687.1 188.6 16670.7 150.9 16710.6 135.9
P5789 0.195362523198 19646.2 9899.7 19618.4 9924.4 19591.7 9897.0 19619.5 9872.2
P5789 0.1942948699 17045.0 6522.1 17028.5 6556.7 16991.3 6545.3 17007.7 6510.8
P5789 0.190676361322 25078.5 21015.9 25078.5 21060.0 25029.7 21060.0 25029.7 21015.9
P5789 0.189713358879 19402.5 22527.2 19364.6 22549.6 19345.7 22509.3 19383.6 22486.9
P5789 0.18938614428 16559.3 11231.0 16533.5 11252.9 16509.4 11229.2 16535.2 11207.3
P5789 0.184120953083 22056.1 737.6 22056.1 794.9 21995.9 794.9 21995.9 737.6
P5789 0.179026141763 20544.1 23041.5 20502.4 23078.8 20467.6 23034.2 20509.4 22996.9
P5789 0.17798666656 28265.0 12951.2 28236.7 12971.8 28212.4 12941.4 28240.8 12920.8
P5789 0.177465602756 15053.9 9923.1 15020.0 9959.6 14990.7 9928.7 15024.6 9892.1
P5789 0.174993827939 19967.9 4318.6 19967.9 4381.3 19907.3 4381.3 19907.3 4318.6
P5789 0.174731448293 16385.2 9999.7 16348.0 10033.4 16315.6 9996.7 16352.8 9962.9
P5789 0.172856464982 19800.5 4774.9 19800.5 4821.3 19755.6 4821.3 19755.6 4774.9
P5789 0.171824261546 9740.3 4431.6 9694.5 4456.0 9671.4 4405.1 9717.3 4380.7
P5789 0.171699568629 19565.4 19785.7 19565.4 19850.9 19494.6 19850.9 19494.6 19785.7
P5789 0.171657115221 5174.6 20575.0 5146.1 20602.2 5118.4 20572.6 5146.9 20545.4
P5789 0.17124812305 27762.9 4900.1 27735.9 4923.4 27714.3 4895.6 27741.3 4872.3
P5789 0.166431307793 26552.2 5427.1 26521.3 5454.4 26492.2 5424.4 26523.1 5397.2
P5789 0.166199818254 28416.5 2121.5 28374.6 2154.2 28339.4 2107.1 28381.3 2074.4
P5789 0.164289399981 2567.2 24119.1 2567.2 24189.1 2500.2 24189.1 2500.2 24119.1
P5789 0.152323395014 27585.4 3101.5 27562.5 3127.5 27537.2 3103.1 27560.1 3077.1
P5789 0.149858102202 28983.9 10844.3 28957.4 10868.8 28933.9 10840.0 28960.5 10815.5
P5789 0.149111703038 12653.9 9682.8 12632.1 9697.0 12615.3 9673.6 12637.1 9659.3
P5789 0.147159293294 26506.8 21051.9 26506.8 21095.5 26456.2 21095.5 26456.2 21051.9
P5789 0.144009843469 27097.0 19995.6 27097.0 20032.4 27050.9 20032.4 27050.9 19995.6
P5789 0.143055617809 488.6 27214.0 458.8 27237.5 435.8 27198.5 465.6 27175.0
P5789 0.142309695482 29011.9 10015.8 28975.9 10045.4 28943.8 10005.0 28979.9 9975.3
P5789 0.14115318656 27416.1 8386.8 27368.1 8416.9 27339.8 8370.1 27387.7 8340.0
P5789 0.136639758945 15339.8 18136.0 15295.1 18153.7 15273.5 18108.7 15318.2 18090.9
P5789 0.136304184794 13646.9 9872.5 13618.4 9900.5 13590.2 9868.6 13618.6 9840.6
P5789 0.133656725287 24101.7 10563.6 24101.7 10608.3 24046.5 10608.3 24046.5 10563.6
P5789 0.132784724236 16554.8 1585.2 16530.7 1615.7 16497.5 1587.0 16521.7 1556.6
P5789 0.132218047976 28606.6 2093.5 28606.6 2141.9 28565.5 2141.9 28565.5 2093.5
P5789 0.131980210543 19210.5 10027.0 19176.4 10064.1 19145.0 10016.0 19179.1 9978.9
P5789 0.131077334285 9713.7 5261.6 9680.9 5285.4 9658.3 5246.6 9691.1 5222.8
P5789 0.127341270447 28037.4 3008.4 28037.4 3059.7 27982.2 3059.7 27982.2 3008.4
P5789 0.125779569149 20100.6 17613.2 20066.2 17630.8 20047.9 17591.1 20082.2 17573.6
P5789 0.120832666755 4600.5 20012.4 4581.1 20039.9 4555.9 20024.2 4575.3 19996.6
P5789 0.119120113552 29132.8 14566.8 29109.8 14584.6 29094.6 14564.8 29117.6 14547.0
P5789 0.117724537849 25607.6 1957.5 25607.6 2022.8 25548.0 2022.8 25548.0 1957.5
P5789 0.115003079176 27593.6 3258.1 27587.3 3282.3 27554.5 3274.0 27560.8 3249.8
P5789 0.113705851138 25264.4 7440.9 25196.3 7477.7 25155.6 7411.0 25223.7 7374.1
P5789 0.111157096922 5121.6 20446.1 5121.6 20534.5 5042.0 20534.5 5042.0 20446.1
P5789 0.109552577138 24370.4 21601.3 24370.4 21683.0 24289.4 21683.0 24289.4 21601.3
P5789 0.108794353902 1612.0 17252.8 1612.0 17311.8 1560.7 17311.8 1560.7 17252.8
P5789 0.103376351297 10922.1 3082.7 10888.8 3106.1 10866.2 3073.4 10899.5 3050.0
P5789 0.103155635297 20524.7 14022.5 20524.7 14053.0 20494.3 14053.0 20494.3 14022.5
P5789 0.103096850216 26091.3 10021.1 26066.5 10032.6 26049.0 9999.2 26073.8 9987.7
P5789 0.101790644228 27506.9 3009.4 27506.9 3058.4 27456.7 3058.4 27456.7 3009.4
P5789 0.10179053247 10858.0 2704.9 10825.2 2730.6 10801.6 2698.6 10834.4 2673.0
P5789 0.101731650531 8551.1 3488.6 8551.1 3531.3 8500.5 3531.3 8500.5 3488.6
P5789 0.101647235453 25562.3 6515.1 25515.2 6533.5 25488.2 6448.3 25535.3 6429.9
P1506 0.126166477799 1216.5 1321.4 1216.5 1546.4 995.4 1546.4 995.4 1321.4
P1693 0.381284981966 1238.4 2674.1 1196.0 2706.9 1157.8 2658.3 1200.2 2625.6
P1693 0.380208879709 1345.4 2563.8 1314.4 2593.4 1283.7 2560.8 1314.7 2531.2
P1693 0.359319269657 1273.6 2829.6 1230.7 2858.2 1194.3 2807.5 1237.1 2778.9
P1693 0.338326007128 1380.3 2716.8 1352.9 2750.0 1320.4 2720.9 1347.8 2687.7
P1693 0.261253327131 445.8 1680.8 445.8 1739.6 390.3 1739.6 390.3 1680.8
P1693 0.109161280096 2613.1 3026.7 2588.9 3071.9 2550.3 3049.7 2574.6 3004.6
P1752 0.250303477049 2384.8 3711.5 2345.0 3749.1 2307.2 3709.0 2347.0 3671.4
P1752 0.133114680648 2527.9 3781.8 2511.2 3801.3 2492.3 3781.6 2509.1 3762.1
P1752 0.124270826578 3495.7 1423.5 3471.7 1466.9 3420.6 1437.2 3444.7 1393.8
P1752 0.114299066365 808.2 525.0 772.6 553.2 739.1 511.1 774.7 482.9
P1752 0.108520753682 3031.4 493.9 3031.4 534.2 2996.4 534.2 2996.4 493.9
P1752 0.101691633463 3438.2 1979.4 3352.8 2036.6 3278.3 1920.1 3363.6 1862.9
P1240 0.196665838361 3492.4 1504.3 3467.1 1531.9 3439.0 1508.8 3464.4 1481.2
P1240 0.1151567325 3620.0 498.0 3620.0 570.2 3559.8 570.2 3559.8 498.0
P1410 0.369680076838 3953.1 1124.1 3880.4 1193.9 3810.5 1119.5 3883.2 1049.7
P1410 0.359851151705 1807.3 3402.9 1698.7 3498.6 1604.2 3384.2 1712.7 3288.5
P1410 0.338841974735 1310.8 3642.0 1211.7 3757.1 1092.3 3649.4 1191.3 3534.2
P1410 0.338627278805 1777.0 4529.7 1677.6 4617.8 1586.0 4513.7 1685.4 4425.6
P1410 0.328211724758 2271.3 3492.4 2166.4 3586.7 2068.0 3478.6 2172.9 3384.4
P1410 0.322454810143 2880.7 3468.1 2781.9 3571.7 2682.5 3478.8 2781.3 3375.1
P1410 0.320613563061 2290.1 4398.6 2182.2 4497.1 2089.6 4388.4 2197.5 4289.9
P1410 0.303069025278 4075.6 1054.4 4023.9 1113.5 3960.4 1068.5 4012.1 1009.4
P1410 0.291842013597 1123.6 3861.0 1041.7 3998.4 920.1 3934.5 1002.0 3797.1
P1410 0.266223043203 1337.0 4041.2 1287.4 4111.8 1211.1 4057.6 1260.7 3987.0
P1410 0.244989410043 1551.9 3778.0 1474.0 3930.2 1339.6 3865.3 1417.5 3713.0
P1410 0.228087261319 2292.7 4858.2 2179.9 4980.4 2071.5 4873.7 2184.3 4751.6
P1410 0.182858124375 4690.2 1161.0 4690.2 1331.6 4513.8 1331.6 4513.8 1161.0
P1410 0.166616126895 3556.7 2787.2 3481.9 2874.1 3407.4 2816.2 3482.2 2729.3
P1410 0.147777929902 2261.9 3514.3 2240.0 3574.8 2190.1 3561.1 2212.0 3500.5
P1410 0.143759414554 3925.8 1001.3 3833.6 1148.5 3719.2 1082.4 3811.3 935.3
P1410 0.139160767198 3487.9 2688.0 3428.7 2809.8 3348.0 2778.4 3407.2 2656.6
P1410 0.138535901904 1549.7 685.3 1520.3 746.5 1469.5 709.7 1498.9 648.4
P1410 0.137932643294 2028.4 4571.9 2028.4 4639.6 1983.8 4639.6 1983.8 4571.9
P1410 0.127028077841 3103.8 2141.6 3103.8 2414.0 2843.4 2414.0 2843.4 2141.6
P1410 0.123200967908 2871.8 3504.1 2846.6 3568.7 2795.8 3554.9 2820.9 3490.2
P1410 0.119090184569 2063.2 4688.7 1991.1 4805.8 1892.3 4754.5 1964.5 4637.4
P1732 0.357564896345 377.3 1934.2 346.3 1977.3 306.9 1942.8 337.9 1899.6
P1732 0.343868523836 1216.0 2071.2 1192.7 2110.4 1155.6 2085.0 1178.9 2045.8
P1732 0.336258143187 3823.4 1189.5 3799.8 1208.3 3782.2 1182.6 3805.9 1163.8
P1732 0.328620821238 179.1 1717.8 153.1 1751.4 121.0 1719.4 147.0 1685.9
P1732 0.293704986572 2715.2 330.1 2686.1 363.6 2657.2 338.3 2686.3 304.8
P1732 0.263108462095 3199.2 3899.4 3172.7 3927.5 3148.6 3904.1 3175.2 3876.0
P1732 0.234344482422 385.7 2003.8 331.4 2037.3 298.0 1976.2 352.3 1942.7
P1732 0.225483387709 2920.2 1455.3 2892.7 1484.0 2867.5 1453.2 2894.9 1424.5
P1732 0.192402586341 2210.5 3339.5 2188.7 3367.8 2162.9 3345.1 2184.7 3316.9
P1732 0.173712208867 1157.5 1936.7 1135.8 1953.7 1119.6 1931.3 1141.3 1914.3
P1732 0.154252558947 270.7 1800.9 248.5 1827.4 221.5 1803.1 243.7 1776.7
P1732 0.151139289141 516.3 3563.3 498.0 3597.9 462.6 3576.8 480.8 3542.3
P1732 0.140961512923 3249.7 3975.3 3200.2 4017.3 3162.2 3972.7 3211.6 3930.6
P1732 0.140025496483 1431.2 717.9 1414.4 750.4 1389.2 733.4 1406.1 700.9
P1732 0.111106142402 1918.2 705.2 1895.1 726.4 1877.8 699.3 1900.8 678.1
P1732 0.109879501164 2602.3 3141.8 2579.9 3161.6 2554.5 3134.0 2576.9 3114.3
P1314 0.114602692425 3097.7 357.8 3059.5 386.1 3041.6 358.7 3079.8 330.5
P1474 0.191752657294 1619.8 1395.6 1619.8 1544.2 1495.7 1544.2 1495.7 1395.6
P1474 0.159721344709 1601.7 1513.5 1601.7 1578.3 1537.7 1578.3 1537.7 1513.5
P1474 0.122798711061 212.0 6042.5 166.1 6098.8 88.2 6064.6 134.2 6008.3
P1474 0.108967445791 2605.8 4645.6 2605.8 4710.8 2526.0 4710.8 2526.0 4645.6
P1474 0.104663327336 2570.3 1892.0 2519.5 1954.8 2464.1 1918.5 2514.9 1855.8
P1474 0.101886600256 2919.9 5044.3 2890.3 5075.1 2860.2 5047.9 2889.9 5017.1
P1384 0.368897587061 1400.5 288.4 1366.2 342.0 1315.4 307.5 1349.7 253.9
P1384 0.227814078331 5432.4 1049.8 5355.5 1148.6 5259.2 1081.3 5336.1 982.5
P1384 0.173141926527 3755.3 528.3 3701.0 582.0 3632.9 531.0 3687.2 477.3
P1384 0.140813037753 2795.5 1120.9 2708.3 1178.6 2649.4 1123.7 2736.6 1066.0
P1384 0.128183200955 4764.9 832.7 4643.7 974.6 4503.8 859.5 4625.0 717.7
P1384 0.111136287451 1172.0 3471.3 1172.0 3628.9 991.8 3628.9 991.8 3471.3
P1384 0.103471264243 5120.3 3214.3 5120.3 3301.3 5059.4 3301.3 5059.4 3214.3
P1384 0.101629450917 622.1 5497.1 622.1 5608.7 485.1 5608.7 485.1 5497.1
P1584 0.429682701826 2093.0 3791.8 2055.5 3826.2 2015.4 3781.4 2052.8 3747.0
P1584 0.4195535779 1998.4 3561.0 1961.8 3597.1 1917.9 3555.7 1954.5 3519.5
P1584 0.408437162638 419.9 3201.8 390.2 3233.0 360.5 3201.7 390.2 3170.6
P1584 0.381148606539 2762.0 4020.5 2733.0 4065.7 2682.1 4031.9 2711.0 3986.7
P1584 0.373269170523 715.0 391.8 690.1 414.6 665.5 387.6 690.3 364.8
P1584 0.364158779383 2128.4 3698.2 2094.3 3721.7 2068.1 3682.6 2102.2 3659.1
P1584 0.362113028765 147.0 647.3 111.9 672.5 82.2 629.6 117.3 604.3
P1584 0.349084794521 64.9 2015.7 31.0 2041.2 3.8 2005.2 37.7 1979.7
P1584 0.342683911324 348.1 3153.3 318.0 3180.7 289.7 3148.2 319.7 3120.9
P1584 0.341907352209 404.5 3149.8 365.6 3171.3 344.2 3127.1 383.2 3105.7
P1584 0.340875446796 517.7 959.3 485.3 991.9 454.8 957.7 487.1 925.0
P1584 0.322826981544 367.0 3223.8 330.5 3244.8 309.1 3204.1 345.6 3183.1
P1584 0.276841580868 250.2 3165.6 222.0 3186.9 202.9 3158.6 231.1 3137.4
P1584 0.186857163906 576.5 924.6 548.3 957.0 516.6 927.7 544.7 895.4
P1584 0.127015128732 2532.4 4077.8 2515.5 4103.3 2496.6 4085.7 2513.4 4060.1
P1584 0.108552001417 811.6 1006.3 789.4 1044.1 745.0 1022.2 767.2 984.5
P1584 0.104712031782 3650.7 508.0 3624.6 540.8 3586.0 512.6 3612.1 479.8
P1584 0.100234724581 2807.7 3380.2 2760.8 3399.8 2742.0 3360.9 2788.9 3341.3
P1770 0.298954427242 3587.2 3072.8 3564.4 3101.4 3536.4 3075.1 3559.2 3046.5
P1770 0.184141382575 2548.6 927.9 2527.9 941.4 2512.3 915.7 2533.0 902.2
P1770 0.154125273228 2874.3 3033.8 2844.6 3048.5 2826.7 3010.2 2856.5 2995.4
P1770 0.138422310352 2948.7 2988.1 2948.7 3031.6 2878.7 3031.6 2878.7 2988.1
P1770 0.113410428166 1119.7 4085.3 1086.4 4109.1 1060.5 4069.7 1093.9 4045.9
P1770 0.112142346799 1928.0 312.5 1889.1 346.4 1852.4 299.7 1891.3 265.8
P1573 0.397869259119 3436.0 3487.2 3409.6 3520.9 3377.1 3493.7 3403.4 3460.0
P1573 0.379384338856 91.2 4854.9 53.8 4887.2 17.5 4845.7 54.9 4813.4
P1573 0.374061048031 1008.0 1390.6 978.1 1421.0 948.9 1389.8 978.8 1359.4
P1573 0.34641084075 1058.4 2373.1 1021.7 2399.8 994.0 2360.2 1030.7 2333.5
P1573 0.344339132309 610.2 254.3 585.0 295.0 546.4 270.5 571.6 229.8
P1573 0.329393923283 1353.1 1843.7 1320.6 1874.6 1292.1 1840.4 1324.6 1809.6
P1573 0.327431321144 1133.4 4825.8 1107.1 4865.4 1070.8 4843.3 1097.1 4803.7
P1573 0.314486712217 312.5 4944.3 277.6 4970.5 252.2 4933.1 287.1 4906.8
P1573 0.291047781706 2545.8 4596.0 2506.8 4641.5 2458.4 4600.4 2497.3 4554.8
P1573 0.286956697702 2504.5 2106.3 2469.7 2133.2 2444.8 2098.2 2479.6 2071.2
P1573 0.262687146664 2525.1 1955.8 2485.0 1984.5 2455.8 1945.4 2495.9 1916.7
P1573 0.24616676569 1347.9 2351.1 1314.1 2374.1 1289.1 2333.7 1322.8 2310.7
P1573 0.23490768671 1201.8 2395.7 1176.0 2425.7 1146.4 2401.3 1172.2 2371.3
P1573 0.234907448292 3367.0 3601.3 3338.8 3639.9 3302.6 3611.3 3330.8 3572.7
P1573 0.213472187519 1421.4 1720.6 1392.1 1745.9 1367.6 1716.6 1396.9 1691.4
P1573 0.176036953926 3520.7 4917.3 3462.8 4941.7 3435.9 4887.0 3493.7 4862.6
P1573 0.15330286324 3619.4 4870.3 3582.8 4901.4 3553.1 4861.2 3589.7 4830.1
P1573 0.138636514544 2462.8 4632.4 2429.0 4652.6 2413.5 4620.3 2447.3 4600.2
P1573 0.135597497225 620.2 677.8 586.9 700.3 569.0 662.7 602.3 640.2
P1573 0.117915160954 1444.6 2364.4 1409.9 2384.9 1392.7 2352.7 1427.5 2332.2
P1541 0.223267272115 1498.6 3760.8 1474.0 3782.0 1450.4 3755.7 1475.0 3734.5
P1541 0.196637362242 2067.1 2439.6 2037.0 2472.9 2008.5 2445.0 2038.6 2411.7
P1541 0.185783669353 3608.5 3732.6 3578.6 3759.4 3556.0 3727.4 3585.9 3700.6
P1541 0.164829552174 2120.1 3434.5 2076.0 3469.7 2044.2 3433.5 2088.4 3398.3
P1541 0.142676249146 2004.1 3585.6 1945.4 3629.8 1895.3 3537.9 1953.9 3493.8
P1541 0.130496174097 228.5 1022.9 228.5 1109.0 143.3 1109.0 143.3 1022.9
P0491 0.294009834528 1144.5 276.3 1054.2 379.1 962.8 286.0 1053.1 183.2
P0491 0.286550760269 336.4 930.5 213.1 1044.7 99.7 920.6 223.0 806.4
P0491 0.247991204262 2585.7 936.2 2459.2 1062.8 2334.4 931.2 2460.8 804.5
P0491 0.23908688128 1321.8 1009.6 1198.2 1148.8 1074.3 1032.3 1197.9 893.2
P0491 0.236830115318 1752.4 556.8 1648.7 665.0 1547.9 557.8 1651.6 449.5
P0491 0.223118796945 1062.7 1436.1 921.9 1568.3 781.9 1414.0 922.7 1281.8
P0491 0.18650610745 1858.0 1313.4 1754.9 1443.7 1626.6 1329.3 1729.6 1198.9
P0491 0.100407160819 1135.8 964.9 1135.8 1087.3 1027.8 1087.3 1027.8 964.9
P1386 0.31591629982 1982.9 3161.0 1919.5 3211.9 1868.1 3146.5 1931.5 3095.6
P1386 0.235249400139 3202.5 2468.1 3133.7 2527.5 3072.7 2462.8 3141.5 2403.4
P1386 0.22371712327 438.8 2179.4 377.0 2236.1 293.5 2128.3 355.3 2071.5
P1386 0.154704317451 2146.0 3191.0 2065.6 3257.8 2016.8 3195.8 2097.1 3128.9
P1386 0.143804892898 538.0 1955.7 463.8 2017.6 409.5 1943.1 483.7 1881.2
P1386 0.12479865551 300.2 2698.1 215.2 2748.1 159.0 2609.2 244.0 2559.2
P1386 0.111647367477 4294.5 3176.7 4199.8 3263.2 4136.4 3186.8 4231.2 3100.3
P1386 0.101453177631 4027.8 2833.6 3967.1 2877.2 3911.1 2809.7 3971.8 2766.2
P1647 0.439042389393 1315.3 1535.8 1272.3 1565.7 1232.6 1509.1 1275.6 1479.2
P1647 0.371698021889 3462.4 1810.3 3434.1 1835.1 3406.6 1802.2 3434.9 1777.4
P1647 0.366635680199 3435.6 1894.9 3403.4 1933.5 3361.1 1893.9 3393.4 1855.2
P1647 0.365403652191 2282.4 1625.5 2253.1 1646.8 2226.2 1610.5 2255.6 1589.2
P1647 0.346098184586 1347.0 1641.4 1315.7 1660.4 1297.8 1626.7 1329.1 1607.8
P1647 0.283705323935 3400.2 1802.0 3373.3 1827.1 3348.5 1802.7 3375.4 1777.7
P1647 0.229686483741 31.8 3781.5 7.7 3801.1 -10.8 3774.3 13.2 3754.7
P1647 0.17104101181 3483.9 1842.3 3458.7 1882.9 3416.8 1857.9 3442.0 1817.3
P1647 0.154305636883 400.1 2201.8 374.3 2225.1 349.1 2194.1 374.9 2170.9
P1647 0.109159477055 467.2 2173.5 449.2 2201.3 425.5 2182.9 443.5 2155.1
P1749 0.113229006529 525.0 251.6 493.0 284.8 462.2 256.5 494.2 223.3
P1518 0.266155332327 274.3 2874.5 262.4 2914.6 225.6 2906.2 237.5 2866.1
P1518 0.232200980186 3960.3 1929.8 3936.1 1947.8 3916.8 1922.7 3940.9 1904.7
P1518 0.195054620504 3391.2 660.0 3363.8 680.1 3348.3 654.6 3375.7 634.5
P1518 0.106332212687 2321.6 512.2 2291.3 534.3 2266.9 492.1 2297.3 470.0
P1547 0.290307879448 63.1 88.9 41.9 105.0 21.8 83.1 43.0 67.0
P1547 0.108278147876 3426.2 3120.1 3388.1 3145.4 3362.9 3100.3 3401.0 3075.0
P1566 0.393073648214 129.5 91.4 97.8 121.0 67.4 90.0 99.2 60.4
P1566 0.379126489162 1384.7 1636.5 1353.5 1665.8 1324.1 1632.1 1355.2 1602.9
P1566 0.356458336115 1372.4 1572.5 1345.2 1604.5 1312.4 1575.8 1339.6 1543.8
P1566 0.287130266428 606.1 2529.5 577.0 2548.8 557.9 2514.0 587.1 2494.7
P1566 0.127712011337 34.6 493.8 34.6 533.9 -6.7 533.9 -6.7 493.8
P1566 0.12042658776 700.9 2695.2 667.2 2710.8 648.9 2677.1 682.5 2661.5
P1566 0.117548987269 1742.1 878.0 1714.1 907.0 1687.0 878.2 1715.1 849.2
P1566 0.103326812387 2606.6 1893.2 2578.0 1912.9 2559.4 1879.9 2588.0 1860.2
P0199 0.118396393955 1233.3 710.4 1233.3 925.7 1050.4 925.7 1050.4 710.4
P0199 0.115090504289 1200.4 956.8 1161.6 1007.2 1075.3 934.6 1114.0 884.2
P0199 0.110768504441 1188.2 1487.2 1188.2 1578.8 1079.4 1578.8 1079.4 1487.2
P1742 0.390758424997 1149.8 3924.1 1121.3 3954.6 1087.3 3920.5 1115.8 3890.0
P1742 0.351980775595 412.5 2406.2 382.6 2444.8 343.4 2413.8 373.3 2375.2
P1742 0.338739961386 573.6 1650.1 548.3 1682.3 518.7 1657.8 543.9 1625.5
P1742 0.314620345831 1820.0 2821.8 1793.5 2857.0 1760.1 2830.9 1786.7 2795.7
P1742 0.311947733164 1611.0 944.3 1589.0 990.6 1545.4 971.9 1567.5 925.6
P1742 0.274243086576 1711.6 907.6 1686.0 952.4 1645.0 928.4 1670.6 883.6
P1742 0.270651876926 1680.2 1812.3 1650.5 1833.7 1628.9 1800.6 1658.6 1779.2
P1742 0.258957147598 1653.4 874.1 1621.3 922.0 1574.8 889.8 1606.9 842.0
P1742 0.211126878858 4295.1 1438.7 4278.2 1471.4 4249.6 1453.2 4266.5 1420.4
P1742 0.158794716001 1811.2 2925.4 1789.9 2948.6 1769.6 2927.4 1791.0 2904.1
P1742 0.128171771765 1777.8 2883.8 1757.3 2909.6 1730.2 2887.7 1750.7 2861.9
P1560 0.383420467377 1093.7 3846.0 1048.8 3878.6 1014.8 3830.5 1059.7 3797.9
P1560 0.369871914387 2562.1 3430.3 2522.4 3458.7 2490.8 3414.7 2530.5 3386.3
P1560 0.177685633302 1564.2 80.8 1535.6 110.7 1504.5 75.1 1533.1 45.3
P1604 0.421687453985 977.0 1207.7 949.3 1234.0 924.2 1205.6 951.9 1179.3
P1604 0.42166313529 2571.4 1567.7 2544.8 1596.2 2513.3 1564.6 2540.0 1536.1
P1604 0.408284008503 1119.6 1165.5 1093.6 1194.5 1061.5 1166.9 1087.5 1137.9
P1604 0.392581373453 1203.3 1154.5 1174.9 1175.6 1153.8 1146.5 1182.1 1125.4
P1604 0.370462119579 953.1 1078.1 930.7 1107.8 899.9 1085.5 922.4 1055.8
P1604 0.338385313749 2305.4 1701.1 2282.4 1730.0 2250.8 1704.8 2273.7 1675.8
P1604 0.321770638227 2158.5 1661.9 2127.3 1709.8 2077.5 1678.9 2108.7 1631.0
P1604 0.2668004632 1010.1 1079.1 978.0 1118.4 938.5 1085.6 970.5 1046.3
P1604 0.166838154197 1079.8 1174.1 1048.1 1200.5 1021.5 1166.6 1053.1 1140.1
P1604 0.147899985313 1179.0 1128.8 1150.2 1163.1 1120.9 1139.7 1149.7 1105.4
P1604 0.139989361167 3609.0 576.3 3574.9 607.9 3538.8 563.3 3572.8 531.6
P1604 0.133081138134 613.5 2575.7 571.0 2601.9 542.1 2517.2 584.6 2491.0
P1604 0.129485532641 1027.8 1176.9 1010.7 1208.7 984.2 1180.6 1001.3 1148.7
P1604 0.113472253084 3603.3 2884.1 3583.0 2893.2 3570.0 2856.8 3590.4 2847.8
P1604 0.107467778027 2256.2 1418.7 2218.2 1441.3 2196.1 1401.2 2234.0 1378.6
P1604 0.103165827692 3726.5 2513.7 3691.2 2537.2 3670.1 2507.3 3705.4 2483.8
P2241 0.367816954851 227.5 264.1 161.6 299.3 111.9 212.4 177.8 177.3
P2241 0.346899181604 497.1 359.9 449.0 402.5 401.9 347.4 450.0 304.9
P2241 0.334282040596 296.3 542.4 210.2 630.2 123.5 548.3 209.6 460.4
P1596 0.209899559617 228.1 2012.4 193.8 2042.0 160.3 2007.7 194.5 1978.1
P1596 0.103089876473 2045.5 2510.6 2017.1 2534.3 1992.4 2508.7 2020.8 2485.0
P1283 0.1365262568 191.6 1086.1 153.0 1107.9 125.2 1061.4 163.9 1039.7
P1283 0.13508836925 1046.5 1084.1 1046.5 1143.7 989.2 1143.7 989.2 1084.1
P1650 0.41723176837 1744.1 1683.0 1720.7 1731.8 1668.1 1705.3 1691.5 1656.6
P1650 0.407022237778 1649.3 1492.5 1633.5 1524.4 1601.7 1511.5 1617.6 1479.6
P1650 0.389570057392 4202.6 112.3 4177.1 136.2 4152.2 108.1 4177.7 84.2
P1650 0.366067349911 2504.1 181.0 2470.1 212.9 2436.2 175.8 2470.1 143.9
P1650 0.3336327672 4183.3 12.9 4162.0 43.3 4130.9 23.7 4152.2 -6.7
P1650 0.120011031628 2110.0 2519.9 2084.0 2556.6 2046.0 2531.8 2072.0 2495.1
P1650 0.101329684258 1714.4 1538.5 1643.2 1615.4 1562.0 1552.8 1633.2 1475.9
P1650 0.100466743112 2805.6 1692.3 2782.1 1718.1 2758.0 1696.3 2781.5 1670.5
P1598 0.187740817666 95.8 1503.0 73.7 1546.0 28.4 1525.2 50.5 1482.3
P1598 0.169134259224 3431.7 2045.0 3412.4 2078.5 3387.5 2054.5 3406.8 2021.0
P1598 0.159639254212 1604.4 2002.5 1604.4 2057.7 1551.2 2057.7 1551.2 2002.5
P1598 0.146676927805 130.8 5.1 91.0 43.1 48.9 15.5 88.7 -22.5
P1598 0.111856684089 1610.1 1950.7 1570.9 2021.6 1529.5 2004.5 1568.7 1933.6
P1598 0.10431753844 4011.6 4083.3 4011.6 4136.6 3968.6 4136.6 3968.6 4083.3
P1598 0.103252455592 1600.1 3532.9 1575.9 3564.2 1547.9 3535.5 1572.1 3504.2
P1598 0.100700862706 3737.8 3576.5 3714.0 3608.0 3682.2 3588.2 3706.0 3556.7
P1570 0.408468842506 3715.7 3734.7 3685.2 3769.6 3649.0 3734.9 3679.5 3700.0
P1570 0.405670374632 1967.6 2145.0 1939.7 2175.6 1909.2 2148.1 1937.1 2117.5
P1570 0.388463884592 3532.2 4072.1 3501.5 4101.2 3472.6 4068.3 3503.3 4039.1
P1570 0.37749671936 93.5 2487.8 60.6 2528.6 15.2 2492.5 48.1 2451.7
P1570 0.298037588596 2562.9 2214.4 2524.0 2246.3 2489.3 2206.4 2528.2 2174.5
P1570 0.271582305431 3727.6 4590.0 3706.4 4626.1 3668.2 4607.1 3689.4 4571.0
P1570 0.165938824415 3595.2 4041.2 3570.1 4074.2 3536.8 4051.1 3561.8 4018.0
P1570 0.106135696173 1617.4 2366.5 1617.4 2421.4 1570.3 2421.4 1570.3 2366.5
P1583 0.456179201603 2847.2 2065.1 2814.5 2096.6 2781.7 2059.7 2814.3 2028.2
P1583 0.438097000122 2774.4 2086.5 2743.6 2114.6 2710.4 2078.0 2741.2 2049.8
P1583 0.414354324341 2738.2 1914.8 2710.4 1947.1 2674.3 1914.1 2702.1 1881.7
P1583 0.411419332027 3972.3 522.3 3934.1 557.2 3896.0 514.9 3934.2 479.9
P1583 0.39351028204 3347.4 2507.3 3313.5 2536.5 3280.4 2497.6 3314.4 2468.5
P1583 0.389256298542 3355.2 2677.4 3319.5 2710.3 3281.5 2671.3 3317.2 2638.3
P1583 0.375582754612 2808.3 1901.7 2778.8 1929.6 2747.7 1894.4 2777.2 1866.5
P1583 0.300195634365 825.1 956.6 798.2 990.3 763.0 960.2 789.9 926.5
P1583 0.236709028482 1506.7 4360.6 1506.7 4400.6 1465.1 4400.6 1465.1 4360.6
P1583 0.214801281691 3966.1 2866.5 3937.2 2896.8 3910.9 2866.1 3939.7 2835.7
P1583 0.174509614706 2065.4 4382.3 2044.3 4398.7 2027.1 4379.7 2048.2 4363.3
P1583 0.136294573545 1916.3 2989.1 1916.3 3021.8 1879.3 3021.8 1879.3 2989.1
P1583 0.130409598351 620.8 2069.2 586.1 2097.2 559.2 2054.7 594.0 2026.8
P1583 0.124033674598 1029.2 17.5 1008.0 35.4 991.5 9.9 1012.8 -8.0
P1583 0.102292120457 2840.7 1923.8 2840.7 1959.9 2802.9 1959.9 2802.9 1923.8
P1583 0.102129854262 2730.0 2087.6 2689.4 2113.1 2658.0 2075.5 2698.7 2049.9
P1583 0.100995838642 2928.4 4373.7 2928.4 4413.1 2884.2 4413.1 2884.2 4373.7
P1619 0.299387812614 2812.0 171.6 2775.3 197.7 2752.3 153.3 2789.1 127.2
P1619 0.288441568613 3297.4 1515.6 3265.6 1536.9 3242.5 1504.0 3274.3 1482.7
P1619 0.279011279345 2559.5 320.6 2536.7 351.2 2508.4 331.1 2531.2 300.5
P1619 0.269760191441 2060.7 2414.7 2034.8 2441.1 2007.2 2421.3 2033.1 2394.9
P1619 0.165980324149 484.0 790.5 467.4 827.8 440.6 813.4 457.2 776.2
P1619 0.12092525512 1696.0 2564.6 1666.9 2593.0 1635.5 2560.4 1664.7 2532.0
P1619 0.120133042336 556.7 126.4 529.6 153.8 502.3 125.4 529.5 98.1
P1619 0.112563230097 2832.7 503.5 2807.2 537.7 2771.4 515.9 2796.9 481.8
P2255 0.359623879194 630.0 647.4 583.2 688.3 538.0 635.3 584.8 594.4
P2255 0.338127166033 542.9 564.0 508.1 606.8 461.0 568.1 495.9 525.4
P2255 0.309792906046 227.1 408.6 186.5 444.6 144.6 396.2 185.2 360.3
P2255 0.309393912554 307.2 327.3 266.9 361.7 228.4 315.7 268.8 281.3
P2255 0.304455131292 229.4 235.2 189.3 290.4 138.2 249.2 178.3 193.9
P2255 0.29232609272 608.0 476.7 578.5 518.1 536.3 485.6 565.8 444.2
P2255 0.276617646217 699.6 561.2 658.1 596.1 619.2 553.0 660.7 518.1
P2255 0.15925475955 539.2 598.4 426.8 692.0 329.0 546.5 441.5 452.9
P2255 0.153749600053 655.4 662.6 655.4 763.5 520.0 763.5 520.0 662.6
P1529 0.290065169334 3098.0 1514.6 3073.6 1545.9 3042.2 1521.7 3066.6 1490.5
P1529 0.235247373581 27.0 1976.9 6.6 1994.2 -7.5 1970.5 12.9 1953.2
P1529 0.171428531408 3675.6 396.9 3647.0 420.1 3625.0 390.8 3653.6 367.7
P1529 0.109135165811 432.4 160.6 396.9 186.8 372.7 147.8 408.3 121.5
P1529 0.100760437548 1596.4 762.1 1596.4 801.6 1559.9 801.6 1559.9 762.1
P1230 0.142095088959 1047.6 1505.9 1019.1 1529.8 988.6 1513.8 1017.1 1489.9
P1230 0.109863556921 2542.9 2226.2 2507.2 2260.3 2476.8 2217.3 2512.5 2183.2
P1230 0.104046672583 4107.7 2382.5 4085.4 2407.4 4066.2 2382.0 4088.6 2357.1
P1577 0.415894180536 1307.5 662.0 1278.7 700.5 1241.1 670.1 1269.9 631.7
P1577 0.414948284626 1476.6 1240.0 1440.0 1273.4 1399.5 1228.4 1436.2 1195.0
P1577 0.411726981401 1416.9 1088.1 1381.8 1117.7 1347.4 1076.9 1382.5 1047.2
P1577 0.409256368876 1335.9 750.7 1310.6 780.8 1277.4 750.0 1302.7 720.0
P1577 0.403413265944 1561.8 459.2 1530.9 485.2 1498.9 448.1 1529.8 422.1
P1577 0.240159064531 26.8 306.8 3.9 326.3 -14.3 298.6 8.6 279.0
P1577 0.144066348672 1491.4 459.5 1472.8 491.7 1433.7 472.6 1452.3 440.4
P0131 0.461658984423 829.8 947.4 740.9 1015.5 669.6 928.0 758.5 860.0
P0131 0.350601255894 880.1 496.9 768.6 588.3 675.7 489.7 787.3 398.3
P0665 0.107381090522 368.1 712.0 368.1 979.9 115.4 979.9 115.4 712.0
P1672 0.128706648946 2849.4 694.1 2815.8 722.9 2786.1 686.1 2819.7 657.3
P1672 0.126478388906 1731.3 1013.5 1694.7 1032.2 1672.0 998.8 1708.5 980.0
P1672 0.102586530149 3821.4 464.7 3786.4 486.8 3765.9 435.5 3800.9 413.5
P2150 0.468026906252 212.1 248.7 146.0 333.8 64.0 267.1 130.1 182.0
P2150 0.419144958258 236.1 738.2 185.5 796.5 123.0 737.9 173.6 679.7
P2150 0.376648813486 207.3 472.4 127.6 561.7 37.1 498.5 116.8 409.2
P0130 0.296128451824 358.0 226.6 358.0 265.7 317.0 265.7 317.0 226.6
P0130 0.274019747972 301.3 245.7 283.2 263.0 264.3 245.9 282.4 228.6
P0130 0.260997921228 463.8 269.2 446.6 294.4 420.6 280.4 437.8 255.2
P0130 0.214519143105 300.4 163.1 283.7 184.3 264.7 169.2 281.4 147.9
P0130 0.188425466418 556.2 535.0 534.3 548.1 521.2 525.3 543.1 512.2
P0130 0.150475934148 557.8 348.9 539.6 365.9 520.0 350.3 538.2 333.3
P0130 0.114518508315 358.5 312.3 333.0 332.4 318.2 307.4 343.6 287.3
P0374 0.244090542197 497.6 826.8 380.0 962.8 234.8 841.1 352.5 705.1
P2758 0.217758506536 7122.1 3447.9 7066.3 3506.0 7008.8 3451.3 7064.6 3393.1
P2758 0.141798913479 7289.3 3464.7 7289.3 3579.5 7164.7 3579.5 7164.7 3464.7
P2758 0.11860691756 583.5 427.5 535.0 438.9 491.2 279.4 539.7 268.0
P2758 0.10667078197 4629.2 2083.6 4610.9 2109.6 4575.1 2095.6 4593.4 2069.6
P2011 0.413395494223 333.5 1037.0 239.4 1107.3 158.0 1003.6 252.1 933.3
P2331 0.402244001627 1862.0 1694.9 1797.3 1750.7 1732.6 1666.3 1797.3 1610.5
P2331 0.117499411106 1445.6 1124.6 1423.0 1146.6 1383.7 1119.2 1406.2 1097.2
P2331 0.109942287207 2609.8 830.9 2588.1 857.9 2553.9 827.6 2575.7 800.6
P1751 0.269365549088 2923.7 3892.5 2906.4 3914.3 2889.5 3895.3 2906.8 3873.6
P2194 0.446427226067 1185.6 1652.0 1109.2 1721.1 1040.8 1639.1 1117.1 1569.9
P2194 0.374876856804 1317.6 1242.3 1220.7 1355.4 1101.9 1248.8 1198.8 1135.7
P2194 0.207941666245 1265.1 1562.4 1162.8 1653.0 1059.2 1535.6 1161.5 1445.0
P2194 0.159197434783 289.6 1649.0 289.6 1763.4 162.2 1763.4 162.2 1649.0
P3575 0.396851718426 721.1 927.5 653.3 1005.0 570.7 939.5 638.5 862.1
P3575 0.390516132116 912.3 806.9 837.3 885.3 755.1 812.3 830.1 733.9
P3575 0.380552262068 875.6 661.1 778.8 746.4 687.6 654.4 784.4 569.1
P3575 0.34760543704 961.4 486.4 918.6 544.1 858.8 500.7 901.6 443.0
P3575 0.249484553933 1035.5 948.2 961.7 1017.5 888.5 950.6 962.3 881.2
P3575 0.183059737086 1056.1 660.1 1056.1 767.2 946.9 767.2 946.9 660.1
P1371 0.139678582549 1600.5 3153.1 1600.5 3226.7 1523.5 3226.7 1523.5 3153.1
P2733 0.312743037939 1111.1 143.0 1068.1 175.0 1036.4 124.9 1079.5 92.9
P2733 0.144791945815 2315.8 1587.7 2276.9 1629.2 2228.7 1583.4 2267.6 1541.9
P2802 0.113651327789 639.7 3359.1 639.7 3549.3 404.4 3549.3 404.4 3359.1
P2547 0.169994875789 2604.1 748.5 2556.5 836.1 2479.1 798.7 2526.7 711.0
P1903 0.44344291091 342.8 904.2 254.6 970.4 181.1 875.1 269.3 808.9
P1903 0.416628271341 304.7 1125.7 222.2 1190.0 154.9 1101.5 237.5 1037.2
P1903 0.407742530107 804.9 967.3 737.3 1039.1 654.3 955.6 721.9 883.7
P1903 0.262426227331 1218.4 546.9 1125.9 636.2 1033.3 559.1 1125.9 469.8
P1903 0.144655525684 1106.5 585.3 1106.5 627.1 1073.0 627.1 1073.0 585.3
P1257 0.117043465376 2532.1 25.4 2512.3 51.5 2487.9 26.9 2507.7 0.8
P2912 0.181825950742 178.5 936.6 94.0 1030.5 1.5 946.4 86.0 852.6
P0770 0.448456078768 762.8 874.4 685.3 955.2 600.1 872.8 677.7 791.9
P0770 0.363445729017 780.5 437.7 684.6 559.2 559.6 469.4 655.4 347.9
P0770 0.300562262535 582.1 791.0 491.0 894.8 389.3 812.2 480.4 708.4
P1623 0.127019748092 1526.9 1523.3 1502.6 1552.7 1477.0 1528.4 1501.3 1499.1
P1623 0.114561982453 2597.8 2583.6 2573.8 2607.2 2550.7 2580.1 2574.7 2556.5
P1623 0.102495446801 2054.0 591.2 2024.7 625.1 1989.8 588.8 2019.1 554.9
P4265 0.12260080874 458.7 455.6 441.0 479.5 409.1 451.9 426.8 428.0
P0146 0.312659233809 1066.9 302.2 1008.9 400.7 912.6 347.6 970.6 249.0
P0146 0.243749216199 1391.5 959.5 1315.5 1069.2 1212.5 995.5 1288.5 885.8
P0146 0.235093444586 861.0 876.2 809.7 939.2 749.9 887.5 801.1 824.5
P0146 0.204917788506 1950.9 215.9 1894.6 284.8 1820.9 227.0 1877.2 158.1
P0402 0.136175066233 627.0 152.4 494.7 225.5 407.5 83.0 539.9 9.9
P1643 0.411491304636 2850.7 3281.8 2823.4 3312.1 2794.3 3282.7 2821.6 3252.3
P1643 0.398029178381 3828.4 3514.8 3790.8 3553.4 3751.0 3513.3 3788.6 3474.7
P1643 0.396517902613 2736.8 3082.6 2709.9 3117.8 2675.9 3090.4 2702.7 3055.2
P1643 0.396273553371 2761.1 3234.2 2731.8 3268.9 2699.6 3242.7 2728.8 3208.0
P1643 0.358967542648 2766.3 2920.0 2739.8 2941.8 2718.1 2916.1 2744.6 2894.3
P1643 0.346486181021 2783.7 2975.6 2758.1 2999.8 2733.0 2972.9 2758.6 2948.7
P1643 0.345549672842 2846.3 3472.3 2806.1 3511.9 2765.6 3467.9 2805.8 3428.4
P1643 0.332036435604 3996.1 3345.6 3963.8 3379.8 3928.1 3347.5 3960.4 3313.3
P1643 0.330028265715 2836.8 2907.4 2810.4 2933.0 2784.1 2906.3 2810.4 2880.7
P1643 0.100915409625 2059.6 6.4 2037.0 33.7 2008.7 13.7 2031.3 -13.6
P6357 0.102478407323 917.2 888.1 869.0 947.5 814.5 906.3 862.7 846.9
P2121 0.268050760031 749.8 146.8 749.8 377.8 502.2 377.8 502.2 146.8
P2446 0.171597376466 911.6 34.6 852.7 100.8 780.5 49.2 839.4 -17.0
P0457 0.265757411718 443.8 370.4 338.1 486.4 216.7 376.7 322.4 260.8
P0117 0.462370157242 681.3 659.3 618.5 755.8 522.6 696.6 585.4 600.1
P0117 0.395309478045 906.9 485.8 865.8 559.7 793.2 517.7 834.2 443.8
P0117 0.104735560715 621.4 532.0 521.8 634.0 415.0 534.7 514.6 432.7
P2645 0.128610447049 4373.4 2979.8 4325.1 3021.1 4286.1 2972.5 4334.4 2931.2
P1700 0.157483816147 501.5 3349.3 475.0 3370.6 454.6 3342.3 481.1 3321.0
P1700 0.146348625422 752.4 2489.3 752.4 2522.8 715.3 2522.8 715.3 2489.3
P2754 0.183466970921 1256.2 563.7 1232.3 612.3 1187.5 592.6 1211.4 544.0
P2754 0.113270491362 2622.0 2267.8 2526.0 2336.2 2438.6 2271.1 2534.6 2202.7
P2982 0.174370795488 589.9 839.1 509.3 928.1 405.2 851.7 485.8 762.7
P1786 0.319070845842 413.5 729.8 328.2 793.1 261.4 698.4 346.8 635.1
P1786 0.221829995513 202.5 3462.3 202.5 3580.5 73.5 3580.5 73.5 3462.3
P1786 0.208666220307 2392.9 2536.3 2326.8 2619.0 2250.3 2562.4 2316.4 2479.7
P1786 0.164554581046 102.0 2614.9 102.0 2765.8 -33.9 2765.8 -33.9 2614.9
P1786 0.144544661045 341.6 1039.6 341.6 1116.8 238.3 1116.8 238.3 1039.6
P1786 0.122897535563 2327.8 2640.0 2308.6 2663.6 2268.5 2627.4 2287.6 2603.9
P1786 0.116743959486 556.8 3545.2 524.4 3583.0 502.9 3553.4 535.4 3515.6
P1786 0.110967434943 661.8 1200.2 579.0 1294.2 478.3 1187.4 561.1 1093.4
P1786 0.100886970758 541.4 1085.0 541.4 1143.0 501.9 1143.0 501.9 1085.0
P2168 0.441909074783 841.7 410.8 761.8 470.2 697.2 376.4 777.1 317.1
P2168 0.356632173061 604.4 366.4 483.7 435.4 406.7 292.8 527.4 223.8
P2745 0.299496412277 1008.1 709.4 979.9 739.6 940.5 704.2 968.7 673.9
P2745 0.28446111083 975.8 782.1 950.7 795.8 933.0 766.2 958.1 752.5
P2608 0.101697839797 1609.3 2047.7 1574.3 2086.4 1538.1 2051.8 1573.1 2013.1
P2768 0.18281750381 512.1 1947.7 411.9 2040.2 315.7 1942.9 415.9 1850.4
P1679 0.302219331264 1090.8 3323.3 1049.9 3354.9 1016.9 3305.4 1057.7 3273.9
P1679 0.204584181309 1091.4 3037.1 1060.3 3064.5 1032.9 3031.5 1064.0 3004.2
P1679 0.151796877384 527.2 3529.9 413.3 3587.8 356.6 3481.6 470.5 3423.7
P1679 0.125664189458 1031.4 2903.2 1007.1 2921.8 988.2 2893.5 1012.6 2874.8
P2718 0.101930454373 4494.4 145.5 4479.0 166.8 4430.5 137.7 4446.0 116.4
P1569 0.363521367311 1545.9 1644.7 1511.9 1673.6 1482.5 1640.6 1516.5 1611.6
P1569 0.283913999796 1588.7 1790.8 1559.7 1820.4 1527.9 1789.4 1556.9 1759.9
P1569 0.274969607592 1964.5 3216.8 1930.5 3247.3 1904.7 3212.2 1938.7 3181.7
P1569 0.184310570359 411.7 2254.4 371.3 2277.5 352.5 2237.6 392.9 2214.4
P1569 0.11169796437 3046.0 2493.7 3046.0 2534.4 2997.9 2534.4 2997.9 2493.7
P1234 0.130312517285 2524.0 257.0 2524.0 298.5 2488.0 298.5 2488.0 257.0
P1561 0.205675810575 987.1 1987.4 944.1 2013.7 921.3 1969.4 964.3 1943.1
P1561 0.192316383123 1822.4 3937.7 1800.6 3979.5 1756.9 3955.2 1778.7 3913.5
P1750 0.1071389094 1079.0 3007.4 1054.1 3035.0 1028.7 3013.3 1053.6 2985.7
P1065 0.128266468644 590.5 2273.3 561.0 2313.9 502.2 2267.8 531.6 2227.2
P1065 0.103108860552 3239.4 1426.8 3239.4 1632.7 3020.0 1632.7 3020.0 1426.8
P1542 0.226908802986 3675.5 2207.0 3628.6 2246.3 3593.1 2198.1 3640.0 2158.8
P1542 0.135798111558 3029.7 1004.7 3005.3 1045.6 2965.9 1023.7 2990.3 982.8
P1542 0.118652224541 1541.5 492.9 1541.5 526.5 1494.1 526.5 1494.1 492.9
P2197 0.459495067596 360.8 692.3 301.9 750.4 242.1 687.0 301.0 628.9
P2197 0.425558358431 435.2 372.7 335.6 469.8 232.5 358.5 332.0 261.5
P2197 0.327344834805 1773.3 556.8 1720.7 616.2 1653.4 558.5 1706.0 499.1
P2197 0.289611697197 1736.1 241.6 1705.4 280.2 1661.2 249.8 1692.0 211.2
P2197 0.143230229616 1615.2 265.2 1615.2 362.5 1564.8 362.5 1564.8 265.2
P2197 0.110551208258 1740.0 249.5 1740.0 378.4 1649.7 378.4 1649.7 249.5
P1601 0.221725746989 2402.7 3036.1 2374.9 3055.6 2354.7 3023.9 2382.6 3004.4
P1601 0.152921169996 2934.6 3583.8 2904.8 3618.9 2861.7 3588.1 2891.5 3553.0
P1601 0.143171772361 3608.9 -12.4 3608.9 32.6 3563.0 32.6 3563.0 -12.4
P1601 0.11538542062 1413.8 1268.8 1384.4 1287.9 1359.2 1255.4 1388.5 1236.3
P1323 0.159515589476 2153.1 506.1 2109.2 527.7 2082.0 506.9 2125.9 485.3
P1323 0.145973742008 1613.8 902.0 1613.8 958.0 1566.0 958.0 1566.0 902.0
P0791 0.126526743174 465.0 759.7 378.1 895.3 251.6 814.8 338.5 679.3
P2724 0.101793669164 3411.7 2043.9 3361.2 2118.4 3312.0 2079.8 3362.5 2005.3
P1738 0.411695152521 830.3 3327.9 807.2 3360.1 774.3 3332.1 797.4 3300.0
P1738 0.362591743469 862.1 3411.7 835.8 3436.5 806.3 3408.4 832.6 3383.7
P1738 0.349208891392 2989.7 3947.0 2967.1 3977.2 2934.9 3953.3 2957.5 3923.1
P1738 0.343761861324 791.2 3194.5 759.3 3220.6 733.9 3187.1 765.8 3161.1
P1738 0.337964355946 898.8 3549.2 878.8 3579.7 849.6 3559.4 869.6 3528.9
P1738 0.335977643728 3072.2 3867.9 3049.7 3895.3 3020.1 3872.9 3042.6 3845.5
P1738 0.331330478191 2432.7 833.4 2414.3 875.9 2371.2 858.2 2389.6 815.8
P1738 0.159380942583 811.2 2882.2 787.6 2906.5 769.8 2882.3 793.4 2857.9
P1738 0.135350480676 3018.4 3979.2 2996.7 3997.4 2977.2 3976.7 2998.9 3958.6
P1738 0.105894654989 3053.7 3854.7 3053.7 3949.4 2933.7 3949.4 2933.7 3854.7
P1720 0.120531640947 2116.4 256.4 2067.2 317.6 2023.5 275.3 2072.6 214.1
P1720 0.112234815955 1590.5 2945.6 1590.5 2993.9 1541.2 2993.9 1541.2 2945.6
P1720 0.102644242346 3431.1 583.3 3413.6 609.0 3388.8 588.4 3406.2 562.7
P1713 0.136927530169 3334.9 1023.8 3306.1 1052.4 3278.1 1020.8 3306.8 992.2
P1713 0.132164090872 312.6 3005.7 290.9 3032.9 268.6 3014.7 290.3 2987.5
P1713 0.126789927483 2564.7 577.8 2547.5 598.5 2518.9 578.4 2536.2 557.7
P1268 0.18372425437 1580.1 3466.4 1559.4 3500.9 1528.6 3482.4 1549.3 3447.9
P0228 0.285599350929 71.6 63.2 36.7 96.0 4.1 60.6 39.0 27.8
P1586 0.244331419468 2565.2 2219.5 2565.2 2264.4 2518.5 2264.4 2518.5 2219.5
P1586 0.139041513205 762.8 2021.5 735.8 2035.2 721.9 2006.6 748.9 1992.8
P0375 0.234431296587 785.1 827.9 700.4 930.5 598.4 849.0 683.1 746.4
P1759 0.279179126024 1584.8 2447.3 1559.5 2477.5 1532.0 2453.3 1557.3 2423.2
P1759 0.106534585357 1540.4 2033.4 1507.6 2063.8 1478.8 2026.1 1511.6 1995.7
P0047 0.363529771566 754.3 1754.6 635.5 1838.6 545.2 1712.8 664.1 1628.8
P0047 0.358620911837 733.5 1353.4 633.0 1432.7 553.5 1321.5 654.0 1242.2
P0047 0.339638322592 462.6 1352.2 385.2 1436.9 301.3 1354.7 378.7 1270.0
P2689 0.10628747195 4608.7 102.2 4608.7 181.9 4547.4 181.9 4547.4 102.2
P8656 0.128355160356 2139.7 1701.4 2082.5 1809.0 2000.9 1758.1 2058.1 1650.5
P0206 0.240840896964 253.8 232.8 189.8 273.9 142.8 211.6 206.8 170.5
P4183 0.167463600636 1032.3 502.3 1032.3 557.8 979.5 557.8 979.5 502.3
P4183 0.104410357773 998.8 513.1 954.5 569.3 893.0 537.2 937.3 481.0
P9467 0.153630509973 551.4 2150.5 551.4 2237.3 476.0 2237.3 476.0 2150.5
P1315 0.131727918983 3699.5 1097.7 3661.5 1123.5 3641.1 1091.9 3679.1 1066.0
P1184 0.309168428183 1320.0 4813.8 1276.4 4853.4 1235.6 4805.9 1279.2 4766.3
P1377 0.14398150146 580.4 152.9 531.6 236.0 478.5 161.8 527.3 78.7
P2012 0.341325491667 65.3 297.4 45.2 331.5 19.1 317.4 39.3 283.3
P2012 0.315418422222 148.4 21.9 129.0 50.0 99.2 28.2 118.6 0.1
P2012 0.255135625601 57.9 178.9 36.9 200.9 14.5 179.5 35.5 157.5
P2012 0.204220756888 188.6 183.8 171.5 203.0 155.0 182.2 172.2 163.0
P2012 0.153269171715 182.7 319.5 164.0 337.0 148.9 318.4 167.5 300.9
P1992 0.146641001105 1123.7 861.3 1039.6 975.5 952.5 910.2 1036.5 796.0
P0815 0.144171088934 560.5 -9.5 560.5 277.4 267.1 277.4 267.1 -9.5
P1610 0.33484172821 2699.2 562.7 2670.5 608.5 2624.2 578.0 2652.9 532.2
P1610 0.184792891145 3170.5 3563.4 3146.9 3597.9 3113.9 3577.5 3137.6 3543.0
P1763 0.129294782877 1111.8 -11.6 1111.8 39.4 1060.1 39.4 1060.1 -11.6
P1699 0.110351540148 2514.3 4433.6 2488.8 4459.8 2457.9 4427.5 2483.3 4401.3
P0673 0.179787427187 567.5 1.5 500.6 91.4 419.9 33.4 486.7 -56.4
P0673 0.130934283137 625.0 14.4 552.3 59.9 513.4 11.9 586.1 -33.6
P0150 0.319106757641 444.4 311.2 400.2 360.5 347.8 316.5 392.0 267.3
P3989 0.183740660548 121.0 457.5 75.7 499.0 43.3 475.2 88.6 433.7
P2701 0.151932701468 1101.8 1069.2 1101.8 1110.7 1045.8 1110.7 1045.8 1069.2
P2413 0.142593726516 1641.4 1162.9 1641.4 1217.4 1600.5 1217.4 1600.5 1162.9
P2408 0.100982271135 1308.6 1985.6 1252.2 2013.4 1214.8 1959.6 1271.1 1931.8
P2593 0.290277630091 1086.8 467.6 989.2 549.2 898.6 447.0 996.2 365.5
P0382 0.111011639237 1028.4 513.5 1028.4 754.7 781.4 754.7 781.4 513.5
P1581 0.113033562899 4077.6 3894.7 4039.9 3915.0 4007.5 3870.4 4045.2 3850.2
P1579 0.104302234948 1605.9 3915.7 1556.3 3945.4 1525.9 3895.8 1575.5 3866.1
P1266 0.111502930522 1534.7 2403.1 1512.9 2431.5 1485.6 2401.0 1507.4 2372.7
P1266 0.101925984025 867.9 2010.4 842.0 2025.7 823.0 2002.7 848.9 1987.4
P1266 0.101080715656 2549.9 989.8 2549.9 1029.6 2501.6 1029.6 2501.6 989.8
P1380 0.141251534224 4304.5 2125.7 4265.5 2138.3 4253.1 2085.6 4292.0 2072.9
P7485 0.114126719534 243.6 816.4 74.2 928.9 -38.6 771.3 130.8 658.8
P1471 0.132673710585 2591.6 479.8 2591.6 580.6 2508.1 580.6 2508.1 479.8
P2286 0.112904250622 2004.4 202.2 1954.7 255.9 1871.4 185.0 1921.0 131.3
