P0075 0.535408139229 265.2 349.0 265.2 420.9 201.5 420.9 201.5 349.0
P1570 0.456152796745 1278.6 3128.4 1278.6 3155.5 1252.7 3155.5 1252.7 3128.4
P1570 0.344168543816 787.3 3705.6 787.3 3730.9 762.3 3730.9 762.3 3705.6
P1570 0.342394798994 2931.9 3979.9 2931.9 4008.6 2904.7 4008.6 2904.7 3979.9
P1570 0.2688177526 1065.4 4827.8 1065.4 4848.1 1044.3 4848.1 1044.3 4827.8
P1570 0.261654913425 3160.0 3915.8 3160.0 3945.0 3132.0 3945.0 3132.0 3915.8
P1570 0.193400338292 1130.3 2596.0 1130.3 2623.8 1099.1 2623.8 1099.1 2596.0
P1570 0.149314269423 3463.6 3019.4 3463.6 3048.7 3429.7 3048.7 3429.7 3019.4
P1570 0.138992354274 3089.6 1447.0 3089.6 1477.4 3060.0 1477.4 3060.0 1447.0
P1570 0.127019271255 1313.9 4122.8 1313.9 4152.5 1283.9 4152.5 1283.9 4122.8
P2766 0.147354662418 1520.8 3010.3 1520.8 3098.0 1427.2 3098.0 1427.2 3010.3
P2766 0.134492829442 1729.4 5069.4 1729.4 5134.3 1666.6 5134.3 1666.6 5069.4
P2766 0.132213830948 2472.7 2793.6 2472.7 2865.3 2402.6 2865.3 2402.6 2793.6
P2766 0.131195068359 2376.7 3750.4 2376.7 3854.2 2283.3 3854.2 2283.3 3750.4
P2766 0.127825379372 2829.6 2388.6 2829.6 2479.7 2734.8 2479.7 2734.8 2388.6
P2766 0.112312965095 2884.3 2291.8 2884.3 2384.4 2783.6 2384.4 2783.6 2291.8
P2766 0.111240170896 2384.6 697.2 2384.6 730.0 2347.9 730.0 2347.9 697.2
P2766 0.108687922359 4071.7 466.4 4071.7 514.2 4021.3 514.2 4021.3 466.4
P2766 0.108343891799 1663.2 3974.0 1663.2 4005.5 1628.8 4005.5 1628.8 3974.0
P2766 0.10658942163 2681.2 2154.3 2681.2 2226.4 2603.0 2226.4 2603.0 2154.3
P2766 0.104885078967 5009.1 2720.4 5009.1 2739.4 4988.8 2739.4 4988.8 2720.4
P5789 0.507575452328 21715.5 18895.9 21715.5 18931.6 21679.9 18931.6 21679.9 18895.9
P5789 0.432865858078 25611.4 5156.0 25611.4 5182.5 25584.2 5182.5 25584.2 5156.0
P5789 0.308689236641 27353.0 8050.4 27353.0 8072.7 27332.3 8072.7 27332.3 8050.4
P5789 0.285618364811 28304.9 11451.0 28304.9 11473.4 28282.2 11473.4 28282.2 11451.0
P5789 0.266465961933 22521.7 12653.8 22521.7 12679.6 22497.9 12679.6 22497.9 12653.8
P5789 0.262815743685 13144.5 10886.8 13144.5 10909.4 13123.6 10909.4 13123.6 10886.8
P5789 0.257740288973 28820.8 5946.4 28820.8 5976.7 28791.8 5976.7 28791.8 5946.4
P5789 0.248405888677 17010.3 9761.4 17010.3 9786.5 16986.1 9786.5 16986.1 9761.4
P5789 0.232167720795 18924.5 12052.8 18924.5 12095.0 18879.8 12095.0 18879.8 12052.8
P5789 0.231268242002 19474.5 10022.8 19474.5 10061.2 19433.6 10061.2 19433.6 10022.8
P5789 0.220493406057 27935.5 2387.7 27935.5 2408.2 27915.9 2408.2 27915.9 2387.7
P5789 0.208534687757 18507.6 12700.3 18507.6 12734.9 18472.2 12734.9 18472.2 12700.3
P5789 0.204953879118 27840.0 21007.7 27840.0 21035.9 27812.2 21035.9 27812.2 21007.7
P5789 0.184199362993 18801.8 12269.3 18801.8 12317.9 18753.5 12317.9 18753.5 12269.3
P5789 0.180303364992 27883.1 9824.6 27883.1 9850.3 27858.4 9850.3 27858.4 9824.6
P5789 0.172081947327 27980.4 2490.0 27980.4 2512.9 27959.0 2512.9 27959.0 2490.0
P5789 0.166708648205 11741.9 1388.5 11741.9 1471.9 11654.4 1471.9 11654.4 1388.5
P5789 0.165269181132 21348.5 14664.3 21348.5 14692.5 21319.1 14692.5 21319.1 14664.3
P5789 0.164245843887 17501.8 10999.3 17501.8 11156.7 17335.0 11156.7 17335.0 10999.3
P5789 0.157446935773 27276.8 9514.7 27276.8 9536.5 27256.2 9536.5 27256.2 9514.7
P5789 0.157288521528 13305.4 1662.6 13305.4 1686.1 13282.1 1686.1 13282.1 1662.6
P5789 0.15018132329 22004.8 26377.2 22004.8 26403.7 21976.9 26403.7 21976.9 26377.2
P5789 0.148991033435 21201.6 15171.3 21201.6 15208.9 21161.0 15208.9 21161.0 15171.3
P5789 0.145340919495 25258.4 22213.4 25258.4 22237.8 25234.9 22237.8 25234.9 22213.4
P5789 0.139631316066 20452.1 22150.2 20390.4 22174.7 20360.0 22110.3 20421.6 22085.9
P5789 0.133621796966 25326.7 21960.7 25326.7 21987.7 25300.3 21987.7 25300.3 21960.7
P5789 0.133178725839 21138.7 15262.9 21138.7 15317.1 21081.6 15317.1 21081.6 15262.9
P5789 0.132239207625 13645.4 10686.0 13645.4 10717.3 13616.2 10717.3 13616.2 10686.0
P5789 0.13204587996 17174.1 6705.0 17174.1 6755.7 17119.5 6755.7 17119.5 6705.0
P5789 0.12371994555 12754.9 8102.9 12754.9 8165.5 12689.2 8165.5 12689.2 8102.9
P5789 0.122352920473 14604.7 13826.3 14604.7 13873.4 14558.5 13873.4 14558.5 13826.3
P5789 0.122306890786 27789.2 4934.5 27789.2 4957.9 27767.1 4957.9 27767.1 4934.5
P5789 0.119111761451 19719.6 8984.6 19719.6 9035.6 19668.7 9035.6 19668.7 8984.6
P5789 0.117975749075 21598.5 24580.5 21598.5 24607.2 21565.9 24607.2 21565.9 24580.5
P5789 0.11792807281 12895.8 7292.3 12895.8 7335.8 12844.8 7335.8 12844.8 7292.3
P5789 0.117288805544 27378.5 20825.6 27302.6 20844.5 27257.4 20636.2 27333.3 20617.4
P5789 0.116561062634 2609.2 17767.2 2609.2 17812.7 2571.8 17812.7 2571.8 17767.2
P5789 0.116292826831 22568.6 12850.3 22568.6 12871.6 22546.2 12871.6 22546.2 12850.3
P5789 0.115599729121 26526.6 1005.2 26526.6 1032.0 26501.0 1032.0 26501.0 1005.2
P5789 0.114034444094 13979.7 10333.5 13979.7 10375.2 13935.3 10375.2 13935.3 10333.5
P5789 0.111722454429 22185.2 1025.4 22185.2 1066.4 22131.0 1066.4 22131.0 1025.4
P5789 0.110628664494 25856.6 4655.0 25856.6 4700.6 25811.6 4700.6 25811.6 4655.0
P5789 0.10996671766 28591.0 13399.4 28591.0 13420.0 28573.3 13420.0 28573.3 13399.4
P5789 0.109484985471 20593.0 18990.6 20593.0 19061.6 20515.2 19061.6 20515.2 18990.6
P5789 0.108162805438 27539.4 3035.0 27539.4 3072.3 27497.1 3072.3 27497.1 3035.0
P5789 0.108136557043 13610.4 590.6 13536.8 622.4 13449.3 397.4 13522.9 365.5
P5789 0.106472283602 28212.9 1031.2 28212.9 1052.9 28192.6 1052.9 28192.6 1031.2
P5789 0.104531697929 26547.4 6738.5 26547.4 6760.5 26527.9 6760.5 26527.9 6738.5
P5789 0.104497395456 19910.4 9885.5 19910.4 9917.7 19878.5 9917.7 19878.5 9885.5
P5789 0.103017106652 24256.4 27591.9 24256.4 27627.3 24211.5 27627.3 24211.5 27591.9
P5789 0.102630980313 23603.0 26489.7 23603.0 26530.4 23560.6 26530.4 23560.6 26489.7
P5789 0.102505125105 20645.8 19083.4 20645.8 19176.1 20550.1 19176.1 20550.1 19083.4
P5789 0.102275878191 27279.4 16485.4 27279.4 16534.1 27212.6 16534.1 27212.6 16485.4
P5789 0.101666554809 2861.7 14205.0 2861.7 14231.7 2840.5 14231.7 2840.5 14205.0
P5789 0.101557850838 28938.4 15805.3 28938.4 15831.6 28915.3 15831.6 28915.3 15805.3
P5337 0.304491579533 896.7 3667.4 896.7 3720.9 835.8 3720.9 835.8 3667.4
P5337 0.273222535849 1990.7 3713.2 1990.7 3736.8 1965.2 3736.8 1965.2 3713.2
P2547 0.434777468443 3550.7 278.7 3550.7 324.3 3509.9 324.3 3509.9 278.7
P2547 0.361312925816 716.8 1693.2 716.8 1716.8 695.3 1716.8 695.3 1693.2
P2547 0.36070343852 468.2 903.1 468.2 949.0 431.8 949.0 431.8 903.1
P2547 0.291089117527 1105.9 1433.2 1105.9 1466.3 1074.7 1466.3 1074.7 1433.2
P2547 0.258720219135 280.0 1835.9 280.0 1856.5 260.3 1856.5 260.3 1835.9
P2547 0.12487924099 2557.4 1567.5 2557.4 1588.4 2543.5 1588.4 2543.5 1567.5
P2547 0.111052922904 682.8 1495.6 682.8 1515.6 665.5 1515.6 665.5 1495.6
P1410 0.145721018314 4082.1 1923.6 4082.1 2008.3 4010.9 2008.3 4010.9 1923.6
P1410 0.142475068569 3099.8 2141.2 3099.8 2406.5 2847.5 2406.5 2847.5 2141.2
P1410 0.132891014218 601.1 5424.9 601.1 5531.2 499.4 5531.2 499.4 5424.9
P1410 0.117295131087 2242.2 3825.4 2242.2 3891.4 2178.0 3891.4 2178.0 3825.4
P1410 0.100733071566 1723.4 3368.1 1723.4 3467.8 1624.5 3467.8 1624.5 3368.1
P1700 0.483326673508 468.9 3587.9 468.9 3647.8 407.5 3647.8 407.5 3587.9
P1700 0.439052730799 2198.2 3901.1 2198.2 3983.0 2118.0 3983.0 2118.0 3901.1
P1700 0.43505012989 3137.0 3016.8 3137.0 3043.3 3108.2 3043.3 3108.2 3016.8
P1700 0.373564422131 1839.5 3972.8 1839.5 3998.0 1813.4 3998.0 1813.4 3972.8
P1700 0.109401196241 524.7 3594.8 524.7 3617.1 495.8 3617.1 495.8 3594.8
P0704 0.223005697131 2096.3 310.6 2096.3 437.9 1965.0 437.9 1965.0 310.6
P0704 0.146189510822 1617.2 1262.4 1617.2 1372.6 1530.4 1372.6 1530.4 1262.4
P2404 0.103492848575 3101.5 3558.4 3101.5 3613.7 3046.3 3613.7 3046.3 3558.4
P2645 0.153710961342 2440.8 2880.6 2440.8 3035.7 2275.4 3035.7 2275.4 2880.6
P2645 0.136815235019 969.6 1999.1 969.6 2077.1 897.7 2077.1 897.7 1999.1
P2645 0.134404048324 1044.9 2054.9 1044.9 2132.4 959.2 2132.4 959.2 2054.9
P2645 0.123769171536 1052.7 1956.4 1052.7 2039.3 967.2 2039.3 967.2 1956.4
P2645 0.117261983454 2956.3 2533.2 2956.3 2798.9 2679.8 2798.9 2679.8 2533.2
P2645 0.109363116324 4306.0 1151.5 4306.0 1229.2 4225.6 1229.2 4225.6 1151.5
P2645 0.101692140102 1126.0 2111.9 1126.0 2228.5 1005.5 2228.5 1005.5 2111.9
P4957 0.119378328323 801.1 361.6 801.1 457.5 706.8 457.5 706.8 361.6
P4957 0.111770145595 63.3 318.6 63.3 341.2 37.3 341.2 37.3 318.6
P1373 0.325835883617 2920.7 355.4 2920.7 416.1 2859.3 416.1 2859.3 355.4
P1373 0.129082784057 894.5 999.8 894.5 1020.7 870.1 1020.7 870.1 999.8
P1373 0.120549432933 1208.2 831.0 1208.2 861.1 1179.8 861.1 1179.8 831.0
P1373 0.111980311573 3448.6 1883.3 3448.6 1976.3 3371.1 1976.3 3371.1 1883.3
P1373 0.101431578398 580.6 3563.4 580.6 3608.3 511.5 3608.3 511.5 3563.4
P0047 0.133922800422 1129.9 2015.7 1129.9 2162.4 1014.7 2162.4 1014.7 2015.7
P0047 0.119326338172 620.2 178.9 620.2 560.8 199.6 560.8 199.6 178.9
P9997 0.278583705425 802.4 1847.8 802.4 2005.2 586.8 2005.2 586.8 1847.8
P9997 0.104710720479 600.7 809.9 600.7 850.3 555.5 850.3 555.5 809.9
P2098 0.127693489194 210.9 572.4 210.9 631.7 149.0 631.7 149.0 572.4
P5728 0.101876690984 576.1 832.6 576.1 915.5 468.5 915.5 468.5 832.6
P1619 0.377679377794 3613.8 2018.3 3613.8 2081.4 3558.4 2081.4 3558.4 2018.3
P1693 0.444702595472 3262.0 737.6 3262.0 777.5 3222.1 777.5 3222.1 737.6
P1693 0.441504210234 2822.2 1532.2 2822.2 1576.1 2774.4 1576.1 2774.4 1532.2
P1693 0.353954553604 2611.1 2005.9 2611.1 2062.1 2553.4 2062.1 2553.4 2005.9
P1693 0.159760266542 697.2 786.4 697.2 810.3 673.9 810.3 673.9 786.4
P1693 0.126052081585 1480.0 2489.4 1480.0 2618.9 1364.0 2618.9 1364.0 2489.4
P1693 0.100756295025 3897.6 580.4 3897.6 615.9 3858.8 615.9 3858.8 580.4
P1579 0.392581671476 3938.1 1857.6 3938.1 1897.3 3898.4 1897.3 3898.4 1857.6
P1579 0.299680769444 3299.1 1536.6 3261.1 1544.1 3251.1 1499.5 3289.2 1492.0
P1579 0.137227773666 2264.5 2115.9 2264.5 2168.0 2212.2 2168.0 2212.2 2115.9
P1579 0.101988568902 3959.7 1812.4 3959.7 1840.0 3933.2 1840.0 3933.2 1812.4
P2502 0.140707194805 2013.3 447.9 2013.3 481.6 1983.0 481.6 1983.0 447.9
P2502 0.136870875955 703.0 583.2 592.1 595.2 548.1 372.9 659.1 360.9
P2502 0.100190609694 598.9 113.4 504.0 196.1 374.2 50.1 469.1 -32.6
P1075 0.17850483954 1604.9 255.7 1604.9 316.6 1535.6 316.6 1535.6 255.7
P1075 0.164673447609 1681.8 1497.7 1681.8 1562.4 1625.7 1562.4 1625.7 1497.7
P1075 0.101047039032 74.2 2254.6 74.2 2333.8 9.2 2333.8 9.2 2254.6
P1065 0.309209913015 86.2 1511.3 86.2 1573.1 29.0 1573.1 29.0 1511.3
P1065 0.22493468225 1141.6 1801.6 1141.6 1890.5 1062.9 1890.5 1062.9 1801.6
P1065 0.199762821198 999.9 1611.4 999.9 1656.6 956.5 1656.6 956.5 1611.4
P1065 0.132868021727 116.0 1430.5 116.0 1518.4 49.0 1518.4 49.0 1430.5
P1573 0.133015289903 2105.7 1891.9 2105.7 1928.5 2067.0 1928.5 2067.0 1891.9
P1573 0.100869514048 3402.1 7.3 3402.1 44.8 3361.6 44.8 3361.6 7.3
P2768 0.121266961098 889.8 1831.3 889.8 2076.7 682.0 2076.7 682.0 1831.3
P2768 0.110684089363 417.8 686.8 417.8 707.7 394.0 707.7 394.0 686.8
P1242 0.360924959183 3711.0 3503.0 3711.0 3540.6 3676.0 3540.6 3676.0 3503.0
P1242 0.360236793756 3557.2 3640.0 3557.2 3676.0 3519.4 3676.0 3519.4 3640.0
P1242 0.112277746201 832.1 -6.1 832.1 25.2 779.0 25.2 779.0 -6.1
P1242 0.109070807695 2582.7 1863.6 2582.7 1964.0 2484.7 1964.0 2484.7 1863.6
P1560 0.464032977819 3761.1 3428.9 3761.1 3478.5 3714.6 3478.5 3714.6 3428.9
P1560 0.42723429203 160.7 847.3 160.7 892.2 115.4 892.2 115.4 847.3
P1560 0.150385439396 870.3 3414.4 870.3 3446.1 838.0 3446.1 838.0 3414.4
P2678 0.152631819248 3697.4 2000.5 3697.4 2052.1 3642.5 2052.1 3642.5 2000.5
P2678 0.146894648671 392.7 1958.7 392.7 2045.0 315.7 2045.0 315.7 1958.7
P1529 0.172152936459 1539.0 420.8 1539.0 448.5 1513.6 448.5 1513.6 420.8
P1529 0.146223261952 1871.6 3906.9 1871.6 4009.5 1772.8 4009.5 1772.8 3906.9
P1529 0.124980732799 1536.8 808.8 1536.8 859.0 1491.2 859.0 1491.2 808.8
P1529 0.11555544287 1736.8 1430.4 1736.8 1462.0 1708.2 1462.0 1708.2 1430.4
P1529 0.10057875514 2250.2 1822.2 2250.2 1885.6 2186.1 1885.6 2186.1 1822.2
P1598 0.624483942986 3843.3 341.3 3843.3 439.0 3752.5 439.0 3752.5 341.3
P1598 0.568021535873 3179.3 36.9 3179.3 110.3 3113.1 110.3 3113.1 36.9
P1598 0.51725935936 2648.3 1225.3 2648.3 1290.9 2587.6 1290.9 2587.6 1225.3
P1598 0.50587451458 998.3 2943.8 998.3 2988.3 957.3 2988.3 957.3 2943.8
P1598 0.467979431152 1054.9 2500.5 1054.9 2535.1 1020.9 2535.1 1020.9 2500.5
P1598 0.461744993925 2926.1 2508.4 2926.1 2559.3 2878.6 2559.3 2878.6 2508.4
P1598 0.453184634447 3231.3 1444.5 3231.3 1503.1 3172.8 1503.1 3172.8 1444.5
P1598 0.42714497447 2238.3 3309.4 2238.3 3375.2 2188.2 3375.2 2188.2 3309.4
P1598 0.371966123581 2445.1 4356.5 2445.1 4390.8 2407.7 4390.8 2407.7 4356.5
P1598 0.336927384138 2912.8 92.8 2912.8 135.0 2867.2 135.0 2867.2 92.8
P1598 0.326790452003 1433.0 2124.6 1433.0 2152.1 1403.3 2152.1 1403.3 2124.6
P1598 0.308317750692 3056.3 2285.4 3056.3 2311.7 3029.0 2311.7 3029.0 2285.4
P1598 0.282814741135 3813.6 2442.1 3813.6 2474.6 3783.4 2474.6 3783.4 2442.1
P1598 0.275842219591 1236.4 148.3 1236.4 175.9 1208.9 175.9 1208.9 148.3
P1598 0.216898605227 3633.0 2151.0 3600.2 2169.8 3587.2 2140.8 3620.1 2122.0
P1598 0.183103591204 1699.3 4312.4 1699.3 4347.1 1658.1 4347.1 1658.1 4312.4
P1598 0.150265783072 1392.9 24.5 1392.9 51.5 1364.2 51.5 1364.2 24.5
P1598 0.146048054099 1047.8 1297.7 1047.8 1329.3 1013.7 1329.3 1013.7 1297.7
P1598 0.144338414073 152.8 4224.7 152.8 4251.2 124.0 4251.2 124.0 4224.7
P1598 0.135867610574 3177.1 -30.3 3177.1 49.7 3074.8 49.7 3074.8 -30.3
P1598 0.126058891416 1792.4 491.3 1792.4 527.7 1747.3 527.7 1747.3 491.3
P1598 0.122646316886 1761.6 1619.2 1761.6 1649.2 1731.4 1649.2 1731.4 1619.2
P1598 0.119716502726 376.5 4114.2 376.5 4145.8 341.0 4145.8 341.0 4114.2
P1598 0.117865175009 3218.6 12.2 3218.6 71.5 3161.4 71.5 3161.4 12.2
P1598 0.116807885468 3084.4 2284.5 3084.4 2312.1 3056.6 2312.1 3056.6 2284.5
P1598 0.115242697299 1900.9 3883.0 1884.2 3891.3 1870.9 3872.0 1887.6 3863.7
P1598 0.110002472997 3517.3 1650.6 3517.3 1721.6 3439.2 1721.6 3439.2 1650.6
P1598 0.105443902314 599.5 531.4 599.5 568.9 564.7 568.9 564.7 531.4
P1598 0.10444380343 157.4 4198.8 157.4 4228.7 126.8 4228.7 126.8 4198.8
P1598 0.101897217333 3842.0 2434.5 3796.6 2455.6 3755.6 2379.0 3801.1 2358.0
P1770 0.470037668943 1593.5 1715.5 1593.5 1792.3 1515.0 1792.3 1515.0 1715.5
P1770 0.461440354586 1439.7 2125.0 1439.7 2206.6 1356.6 2206.6 1356.6 2125.0
P1770 0.378178745508 2653.7 1171.6 2653.7 1216.9 2605.6 1216.9 2605.6 1171.6
P1770 0.282498836517 1780.1 1512.1 1780.1 1604.3 1696.5 1604.3 1696.5 1512.1
P1770 0.181112781167 3989.4 3480.9 3989.4 3514.6 3951.3 3514.6 3951.3 3480.9
P1770 0.103327400982 1906.0 2069.2 1906.0 2102.3 1866.5 2102.3 1866.5 2069.2
P1240 0.403096675873 2910.3 2664.0 2910.3 2715.0 2861.9 2715.0 2861.9 2664.0
P1240 0.321510106325 1895.3 1084.4 1895.3 1110.3 1870.0 1110.3 1870.0 1084.4
P1240 0.155642047524 700.7 1564.6 700.7 1615.6 647.8 1615.6 647.8 1564.6
P1240 0.120080165565 533.8 1486.7 533.8 1532.5 478.3 1532.5 478.3 1486.7
P1752 0.473808765411 3449.2 1577.5 3449.2 1633.7 3395.5 1633.7 3395.5 1577.5
P1752 0.392559617758 3014.6 2155.7 3014.6 2183.9 2987.8 2183.9 2987.8 2155.7
P1752 0.369093865156 2539.2 2094.8 2539.2 2125.0 2505.6 2125.0 2505.6 2094.8
P1752 0.361730575562 2296.2 2531.7 2296.2 2560.2 2268.3 2560.2 2268.3 2531.7
P1752 0.33557921648 2540.0 2418.0 2540.0 2450.3 2510.9 2450.3 2510.9 2418.0
P1752 0.294218540192 1188.6 2368.3 1188.6 2396.8 1159.5 2396.8 1159.5 2368.3
P1752 0.292948335409 3942.8 626.0 3942.8 666.1 3901.8 666.1 3901.8 626.0
P1752 0.289011389017 2000.4 2548.8 2000.4 2573.3 1973.6 2573.3 1973.6 2548.8
P1752 0.278326332569 2657.8 2075.7 2657.8 2103.8 2626.1 2103.8 2626.1 2075.7
P1752 0.275432765484 3211.5 1895.7 3211.5 1924.1 3184.8 1924.1 3184.8 1895.7
P1752 0.272705435753 250.5 1246.1 250.5 1268.6 225.1 1268.6 225.1 1246.1
P1752 0.177027255297 308.0 2797.8 308.0 2822.4 279.6 2822.4 279.6 2797.8
P1752 0.167539715767 2327.7 3534.5 2327.7 3564.7 2299.8 3564.7 2299.8 3534.5
P1752 0.151422724128 3873.2 410.5 3873.2 441.8 3842.0 441.8 3842.0 410.5
P1752 0.139441028237 3163.7 3885.9 3163.7 3934.2 3113.0 3934.2 3113.0 3885.9
P1752 0.130269467831 2354.1 2505.9 2354.1 2562.3 2298.4 2562.3 2298.4 2505.9
P1752 0.118480309844 2325.7 2555.8 2325.7 2608.6 2262.2 2608.6 2262.2 2555.8
P1752 0.116959780455 1507.5 3831.4 1507.5 3851.4 1488.7 3851.4 1488.7 3831.4
P1752 0.103866674006 295.3 67.1 295.3 105.4 252.8 105.4 252.8 67.1
P9169 0.136416599154 469.8 727.4 469.8 739.0 446.7 739.0 446.7 727.4
P5070 0.114618100226 5127.9 4530.8 5127.9 4713.4 4931.7 4713.4 4931.7 4530.8
P1958 0.106554239988 745.7 1.4 745.7 50.8 690.3 50.8 690.3 1.4
P7464 0.175434336066 846.5 862.0 846.5 885.0 820.4 885.0 820.4 862.0
P1759 0.482571065426 3478.0 3556.3 3478.0 3598.5 3437.7 3598.5 3437.7 3556.3
P1759 0.462313503027 3959.3 3615.1 3959.3 3693.0 3884.7 3693.0 3884.7 3615.1
P1759 0.381292104721 2347.9 3680.3 2347.9 3715.2 2311.2 3715.2 2311.2 3680.3
P1759 0.333998680115 3051.4 3514.0 3051.4 3538.5 3025.8 3538.5 3025.8 3514.0
P1759 0.278201699257 3781.5 1568.2 3781.5 1594.7 3751.9 1594.7 3751.9 1568.2
P1759 0.175153240561 3507.1 3697.2 3507.1 3722.3 3481.2 3722.3 3481.2 3697.2
P1759 0.121439367533 3443.8 3575.1 3443.8 3605.3 3400.3 3605.3 3400.3 3575.1
P1759 0.104726538062 3690.4 514.6 3690.4 553.6 3650.5 553.6 3650.5 514.6
P2394 0.267313331366 1548.9 565.9 1548.9 590.7 1521.4 590.7 1521.4 565.9
P1561 0.316782087088 4032.5 1147.2 4032.5 1216.6 3967.7 1216.6 3967.7 1147.2
P1561 0.113016165793 3986.5 494.1 3986.5 558.1 3913.9 558.1 3913.9 494.1
P1384 0.457905083895 4579.9 1969.7 4579.9 2050.5 4503.9 2050.5 4503.9 1969.7
P1384 0.383143782616 194.7 2150.9 194.7 2172.2 177.6 2172.2 177.6 2150.9
P1384 0.371825009584 1407.8 3282.7 1407.8 3304.0 1389.0 3304.0 1389.0 3282.7
P1384 0.36932978034 5622.9 2070.7 5622.9 2108.0 5588.4 2108.0 5588.4 2070.7
P1384 0.346811711788 826.6 4711.2 826.6 4734.0 808.8 4734.0 808.8 4711.2
P1384 0.341157138348 5486.0 2861.2 5486.0 2895.3 5453.3 2895.3 5453.3 2861.2
P1384 0.322837948799 805.2 3815.8 805.2 3836.6 789.5 3836.6 789.5 3815.8
P1384 0.319558918476 1159.3 5324.1 1159.3 5348.1 1141.3 5348.1 1141.3 5324.1
P1384 0.191430747509 5293.4 529.8 5293.4 746.5 5038.8 746.5 5038.8 529.8
P1384 0.187780916691 269.0 2343.7 269.0 2361.4 254.2 2361.4 254.2 2343.7
P1384 0.113612286747 2471.4 20.2 2471.4 63.8 2428.1 63.8 2428.1 20.2
P1384 0.110110960901 5678.3 1506.5 5678.3 1593.2 5597.4 1593.2 5597.4 1506.5
P1384 0.107688635588 869.2 5025.8 869.2 5056.2 831.2 5056.2 831.2 5025.8
P1384 0.107201889157 1643.9 4073.2 1643.9 4104.8 1615.6 4104.8 1615.6 4073.2
P1384 0.102795884013 2604.3 1995.8 2604.3 2024.9 2567.4 2024.9 2567.4 1995.8
P2331 0.365366131067 1495.8 1442.7 1495.8 1505.6 1436.3 1505.6 1436.3 1442.7
P2331 0.285477936268 1563.5 1356.4 1563.5 1383.1 1537.9 1383.1 1537.9 1356.4
P2331 0.200755879283 2533.1 373.6 2533.1 397.5 2509.9 397.5 2509.9 373.6
P2331 0.199372380972 414.9 1467.7 393.7 1474.8 388.7 1454.1 409.9 1447.0
P2331 0.177787870169 2443.4 394.6 2443.4 473.8 2360.5 473.8 2360.5 394.6
P2331 0.146679058671 1475.1 1738.2 1475.1 1775.8 1439.6 1775.8 1439.6 1738.2
P2331 0.141152381897 2010.0 444.3 2010.0 463.3 1993.2 463.3 1993.2 444.3
P2331 0.134043455124 3193.0 803.3 3193.0 822.5 3176.1 822.5 3176.1 803.3
P2331 0.129812717438 2554.0 476.1 2554.0 502.9 2529.1 502.9 2529.1 476.1
P2331 0.124473653734 1415.9 1678.0 1415.9 1707.6 1389.1 1707.6 1389.1 1678.0
P2331 0.121257677674 1174.3 1620.3 1174.3 1638.6 1158.7 1638.6 1158.7 1620.3
P2331 0.109894134104 1427.9 509.1 1427.9 551.3 1384.5 551.3 1384.5 509.1
P2331 0.102354183793 2298.9 363.9 2298.9 385.0 2274.1 385.0 2274.1 363.9
P2331 0.102224558592 2664.2 841.7 2626.6 892.7 2548.0 842.0 2585.6 790.9
P2331 0.100857958198 1174.4 1598.5 1174.4 1617.9 1158.1 1617.9 1158.1 1598.5
P2378 0.1348849684 602.5 882.6 511.6 951.6 410.2 858.6 501.2 789.6
P1179 0.259713679552 3878.6 2855.7 3818.4 2873.1 3781.4 2773.0 3841.5 2755.7
P1179 0.11337903142 1453.3 2248.6 1453.3 2323.1 1365.6 2323.1 1365.6 2248.6
P1179 0.108128130436 5524.3 1943.1 5524.3 1997.2 5472.7 1997.2 5472.7 1943.1
P6661 0.112359590828 1021.4 284.7 1021.4 326.4 983.5 326.4 983.5 284.7
P2413 0.435677975416 1835.9 724.7 1835.9 799.9 1760.3 799.9 1760.3 724.7
P2413 0.186727926135 1852.9 1240.7 1852.9 1347.7 1752.1 1347.7 1752.1 1240.7
P2413 0.165841937065 468.6 746.9 468.6 776.8 439.4 776.8 439.4 746.9
P2413 0.140629470348 265.1 757.1 265.1 791.0 234.8 791.0 234.8 757.1
P1604 0.398753970861 373.7 2384.4 373.7 2418.1 341.0 2418.1 341.0 2384.4
P1604 0.321742355824 1608.4 2109.5 1608.4 2182.7 1531.0 2182.7 1531.0 2109.5
P1604 0.148413166404 2233.4 2016.2 2135.9 2035.0 2066.5 1780.2 2164.0 1761.4
P1604 0.147856235504 638.1 3566.1 638.1 3605.4 589.3 3605.4 589.3 3566.1
P1604 0.131762728095 2200.7 1988.4 2200.7 2030.3 2138.6 2030.3 2138.6 1988.4
P1604 0.120359383523 1994.4 578.1 1994.4 602.9 1967.9 602.9 1967.9 578.1
P1751 0.444664627314 517.6 2257.4 517.6 2289.0 486.5 2289.0 486.5 2257.4
P1751 0.437682777643 533.0 824.5 533.0 851.7 503.8 851.7 503.8 824.5
P1751 0.437099993229 1891.7 581.2 1891.7 607.8 1865.4 607.8 1865.4 581.2
P1751 0.344760328531 3336.2 3306.3 3336.2 3369.9 3276.1 3369.9 3276.1 3306.3
P1751 0.334130614996 1109.5 625.9 1109.5 665.2 1070.5 665.2 1070.5 625.9
P1751 0.291208058596 2953.0 3801.7 2953.0 3825.9 2930.7 3825.9 2930.7 3801.7
P1751 0.286987125874 111.4 397.2 111.4 423.7 84.5 423.7 84.5 397.2
P1751 0.286851912737 3064.7 2874.7 3064.7 3001.2 2963.5 3001.2 2963.5 2874.7
P1751 0.285046666861 1733.1 199.9 1733.1 236.1 1696.0 236.1 1696.0 199.9
P1751 0.252213895321 3589.6 1813.9 3589.6 1836.8 3566.2 1836.8 3566.2 1813.9
P1751 0.249267458916 3287.3 987.2 3287.3 1016.4 3261.2 1016.4 3261.2 987.2
P1751 0.212892964482 2388.6 656.2 2388.6 683.2 2360.5 683.2 2360.5 656.2
P1751 0.206141248345 469.6 56.5 469.6 83.6 444.9 83.6 444.9 56.5
P1751 0.197896584868 2039.8 2645.0 2039.8 2678.7 2004.5 2678.7 2004.5 2645.0
P1751 0.192596778274 2955.5 1498.1 2955.5 1521.8 2929.9 1521.8 2929.9 1498.1
P1751 0.177125141025 2557.6 3494.2 2557.6 3525.9 2527.2 3525.9 2527.2 3494.2
P1751 0.166375383735 98.4 22.1 98.4 61.7 58.1 61.7 58.1 22.1
P1751 0.159317269921 2616.1 1265.0 2616.1 1299.1 2581.1 1299.1 2581.1 1265.0
P1751 0.147343039513 2924.3 60.6 2924.3 87.3 2896.1 87.3 2896.1 60.6
P1751 0.101186484098 3600.4 3945.1 3600.4 4003.1 3540.2 4003.1 3540.2 3945.1
P0799 0.238727629185 416.3 773.5 416.3 869.8 316.5 869.8 316.5 773.5
P8656 0.107991881669 2160.1 1706.4 2089.3 1803.3 2013.3 1745.3 2084.2 1648.4
P1323 0.136054769158 3485.1 1150.3 3485.1 1174.6 3463.0 1174.6 3463.0 1150.3
P0161 0.45259103179 2459.2 923.6 2459.2 1016.7 2361.4 1016.7 2361.4 923.6
P0161 0.189431324601 1675.0 2311.5 1675.0 2372.7 1624.6 2372.7 1624.6 2311.5
P0161 0.138125196099 2286.2 2426.9 2286.2 2489.2 2230.0 2489.2 2230.0 2426.9
P0161 0.115698799491 2413.0 802.4 2413.0 849.4 2351.1 849.4 2351.1 802.4
P0161 0.106648042798 1075.1 2254.9 1075.1 2377.6 938.2 2377.6 938.2 2254.9
P2271 0.245877027512 472.6 131.7 472.6 217.0 387.2 217.0 387.2 131.7
P2271 0.166756018996 1373.4 2549.0 1373.4 2615.0 1287.3 2615.0 1287.3 2549.0
P2271 0.151049911976 3789.1 987.4 3789.1 1040.4 3727.2 1040.4 3727.2 987.4
P2420 0.38819038868 250.3 688.9 250.3 713.7 227.0 713.7 227.0 688.9
P2420 0.121618278325 942.0 1386.1 942.0 1401.1 927.7 1401.1 927.7 1386.1
P2420 0.117793872952 840.8 1078.5 840.8 1102.5 819.0 1102.5 819.0 1078.5
P1854 0.183688163757 12505.1 2914.3 12505.1 3137.7 12226.7 3137.7 12226.7 2914.3
P1854 0.135885372758 325.8 3143.0 325.8 3181.4 286.6 3181.4 286.6 3143.0
P1854 0.12767764926 13420.6 749.8 13420.6 933.8 13229.1 933.8 13229.1 749.8
P1854 0.122857414186 12614.8 2523.8 12614.8 2616.2 12525.5 2616.2 12525.5 2523.8
P2488 0.539112210274 1425.4 1296.3 1425.4 1363.1 1362.8 1363.1 1362.8 1296.3
P2488 0.172284647822 971.4 735.2 971.4 770.8 937.0 770.8 937.0 735.2
P2488 0.159134730697 2229.7 156.1 2229.7 199.7 2186.5 199.7 2186.5 156.1
P2488 0.13540160656 2285.9 134.5 2285.9 173.3 2250.0 173.3 2250.0 134.5
P2488 0.128872871399 1519.4 576.3 1519.4 595.5 1501.6 595.5 1501.6 576.3
P2488 0.110119186342 1133.0 2227.9 1133.0 2243.9 1118.3 2243.9 1118.3 2227.9
P1518 0.26147326827 913.4 3495.4 913.4 3525.6 884.7 3525.6 884.7 3495.4
P1518 0.202120155096 2012.2 3842.7 2012.2 3896.6 1960.1 3896.6 1960.1 3842.7
P1518 0.190450638533 1977.1 3939.8 1977.1 3969.6 1948.4 3969.6 1948.4 3939.8
P1518 0.169041633606 1649.2 141.1 1649.2 182.7 1602.4 182.7 1602.4 141.1
P1518 0.167195096612 1759.4 2423.4 1759.4 2468.7 1716.3 2468.7 1716.3 2423.4
P1518 0.150084123015 469.1 3584.8 469.1 3611.3 440.7 3611.3 440.7 3584.8
P1518 0.146676212549 2315.7 2311.0 2315.7 2333.0 2297.1 2333.0 2297.1 2311.0
P1518 0.127417460084 927.7 3544.4 927.7 3572.6 902.1 3572.6 902.1 3544.4
P1518 0.124279692769 3016.7 2550.6 3016.7 2613.2 2947.0 2613.2 2947.0 2550.6
P1518 0.120917804539 30.4 2575.4 30.4 2604.4 -10.7 2604.4 -10.7 2575.4
P1518 0.117947176099 1508.7 1986.0 1508.7 2033.1 1455.7 2033.1 1455.7 1986.0
P1518 0.105090081692 3860.0 217.6 3860.0 243.7 3838.9 243.7 3838.9 217.6
P1518 0.100598171353 826.2 1882.1 826.2 1922.5 787.4 1922.5 787.4 1882.1
P1586 0.478365898132 192.8 3138.3 192.8 3186.1 146.7 3186.1 146.7 3138.3
P1586 0.472221881151 2868.9 1938.9 2868.9 1992.7 2815.7 1992.7 2815.7 1938.9
P1586 0.466616898775 477.5 3522.6 477.5 3568.4 431.5 3568.4 431.5 3522.6
P1586 0.465476304293 356.0 4.4 356.0 63.6 302.5 63.6 302.5 4.4
P1586 0.461824089289 1722.9 1200.6 1722.9 1258.1 1666.1 1258.1 1666.1 1200.6
P1586 0.349542737007 825.0 3665.8 825.0 3697.5 794.2 3697.5 794.2 3665.8
P1586 0.314140290022 1898.8 3823.6 1898.8 3860.0 1864.2 3860.0 1864.2 3823.6
P1586 0.149879530072 1910.1 1447.4 1910.1 1500.7 1854.5 1500.7 1854.5 1447.4
P1586 0.134931921959 2008.0 1214.5 2008.0 1276.8 1947.6 1276.8 1947.6 1214.5
P1586 0.1209237203 3525.6 3959.6 3525.6 3995.8 3494.2 3995.8 3494.2 3959.6
P1586 0.114557728171 186.6 975.7 186.6 1005.4 162.4 1005.4 162.4 975.7
P1586 0.103567421436 2052.8 1371.8 2052.8 1400.7 2024.0 1400.7 2024.0 1371.8
P2446 0.476987957954 1199.1 277.1 1199.1 358.3 1124.9 358.3 1124.9 277.1
P2446 0.476569443941 1901.2 290.6 1901.2 337.3 1853.1 337.3 1853.1 290.6
P2446 0.430281937122 450.5 941.7 450.5 980.7 416.6 980.7 416.6 941.7
P2446 0.390152931213 1126.4 686.3 1126.4 724.3 1093.6 724.3 1093.6 686.3
P2446 0.287497341633 1066.8 1363.3 1066.8 1399.8 1034.1 1399.8 1034.1 1363.3
P1370 0.336161524057 2740.6 1300.2 2740.6 1328.6 2712.5 1328.6 2712.5 1300.2
P1370 0.305012375116 2414.7 1516.4 2414.7 1543.5 2389.5 1543.5 2389.5 1516.4
P1370 0.276820749044 3231.0 1060.4 3231.0 1087.2 3203.0 1087.2 3203.0 1060.4
P1370 0.135749489069 3030.1 1148.0 3030.1 1176.0 3004.4 1176.0 3004.4 1148.0
P1370 0.131653219461 2593.2 1830.2 2593.2 1854.6 2570.8 1854.6 2570.8 1830.2
P0352 0.11840017885 1258.7 103.5 1258.7 388.9 919.6 388.9 919.6 103.5
P2337 0.245301619172 1879.7 925.7 1879.7 1054.0 1756.1 1054.0 1756.1 925.7
P2337 0.189989134669 1468.1 248.1 1468.1 411.7 1296.1 411.7 1296.1 248.1
P2337 0.154773756862 1444.1 1747.2 1444.1 1904.9 1264.1 1904.9 1264.1 1747.2
P2337 0.142524108291 2119.9 821.2 2119.9 950.8 1971.8 950.8 1971.8 821.2
P2337 0.135903060436 2146.2 659.8 2146.2 783.5 2004.2 783.5 2004.2 659.8
P2337 0.13498005271 2277.4 967.0 2277.4 1076.8 2167.9 1076.8 2167.9 967.0
P2337 0.131739735603 1979.4 1178.3 1979.4 1313.4 1832.9 1313.4 1832.9 1178.3
P2337 0.127949684858 1836.3 262.1 1836.3 429.8 1664.1 429.8 1664.1 262.1
P2337 0.124082200229 2139.6 352.4 2139.6 475.7 2025.8 475.7 2025.8 352.4
P2337 0.113721929491 2287.9 734.4 2287.9 837.2 2190.9 837.2 2190.9 734.4
P2337 0.105238638818 2127.9 967.1 2127.9 1125.6 1966.6 1125.6 1966.6 967.1
P2337 0.103057414293 2000.7 476.3 2000.7 607.8 1859.7 607.8 1859.7 476.3
P1679 0.167599335313 1112.4 2351.5 1112.4 2396.5 1067.6 2396.5 1067.6 2351.5
P1679 0.139069497585 495.3 2536.7 456.6 2555.6 437.8 2514.9 476.5 2496.0
P9866 0.16542904079 837.1 587.7 837.1 608.6 815.0 608.6 815.0 587.7
P1577 0.337401270866 1512.6 714.8 1512.6 753.9 1476.0 753.9 1476.0 714.8
P1577 0.280743867159 1631.6 1485.1 1631.6 1509.9 1604.2 1509.9 1604.2 1485.1
P1577 0.274430453777 1435.4 1521.1 1435.4 1546.9 1410.7 1546.9 1410.7 1521.1
P1577 0.183277517557 1410.9 1495.5 1410.9 1523.5 1383.6 1523.5 1383.6 1495.5
P1577 0.177494838834 1805.5 1440.6 1805.5 1467.2 1776.2 1467.2 1776.2 1440.6
P1577 0.14676424861 1037.3 2519.4 1037.3 2563.9 990.5 2563.9 990.5 2519.4
P1763 0.440705358982 1386.5 1976.3 1386.5 2012.1 1346.9 2012.1 1346.9 1976.3
P1763 0.349375963211 1074.0 3243.5 1074.0 3280.1 1035.5 3280.1 1035.5 3243.5
P1763 0.249025046825 2341.3 38.6 2341.3 68.3 2310.8 68.3 2310.8 38.6
P1763 0.16868160665 2331.9 3378.5 2331.9 3409.9 2297.0 3409.9 2297.0 3378.5
P1763 0.162624508142 2739.3 3874.3 2739.3 3913.9 2696.1 3913.9 2696.1 3874.3
P1763 0.15891559422 1567.2 1356.7 1567.2 1398.9 1525.2 1398.9 1525.2 1356.7
P1763 0.134942561388 1106.5 3208.0 1106.5 3252.4 1074.1 3252.4 1074.1 3208.0
P1763 0.132123500109 2447.6 2661.5 2447.6 2710.7 2403.5 2710.7 2403.5 2661.5
P0262 0.366833865643 2007.8 1347.4 2007.8 1448.6 1916.4 1448.6 1916.4 1347.4
P0262 0.26395329833 183.7 42.0 183.7 90.1 140.7 90.1 140.7 42.0
P0262 0.183198496699 873.5 1993.9 873.5 2054.9 810.6 2054.9 810.6 1993.9
P0262 0.110113665462 622.7 1476.0 622.7 1640.0 461.4 1640.0 461.4 1476.0
P1601 0.381034761667 1916.0 1290.4 1916.0 1337.2 1870.7 1337.2 1870.7 1290.4
P1601 0.253073841333 2936.3 775.6 2936.3 820.6 2891.8 820.6 2891.8 775.6
P1601 0.236954256892 616.4 3044.4 616.4 3111.0 547.9 3111.0 547.9 3044.4
P1601 0.158894509077 2965.2 831.9 2941.5 841.3 2934.6 819.9 2958.3 810.5
P1601 0.141801506281 3182.0 1053.2 3182.0 1095.2 3134.1 1095.2 3134.1 1053.2
P1601 0.133112385869 1321.0 3832.0 1321.0 3867.7 1290.2 3867.7 1290.2 3832.0
P1601 0.12763287127 648.0 2571.1 648.0 2609.1 595.7 2609.1 595.7 2571.1
P1601 0.120935156941 1767.1 129.4 1767.1 155.1 1741.2 155.1 1741.2 129.4
P1601 0.118231281638 2815.5 879.8 2815.5 908.8 2789.5 908.8 2789.5 879.8
P2285 0.107104927301 3129.9 8.7 3129.9 43.2 3083.9 43.2 3083.9 8.7
P1672 0.5630646348 3976.5 1270.7 3976.5 1348.8 3899.8 1348.8 3899.8 1270.7
P1672 0.544224560261 3771.9 1548.8 3771.9 1622.5 3703.6 1622.5 3703.6 1548.8
P1672 0.488225013018 2146.2 226.7 2146.2 272.3 2104.5 272.3 2104.5 226.7
P1672 0.470122277737 3740.2 443.2 3740.2 513.1 3672.1 513.1 3672.1 443.2
P1672 0.459461927414 3416.3 2047.9 3416.3 2083.5 3380.2 2083.5 3380.2 2047.9
P1672 0.453642100096 848.1 639.6 848.1 692.4 796.0 692.4 796.0 639.6
P1672 0.340500712395 1397.2 397.4 1397.2 478.5 1311.6 478.5 1311.6 397.4
P1672 0.264943778515 1358.9 486.0 1358.9 557.8 1285.6 557.8 1285.6 486.0
P1672 0.162756353617 3945.7 1966.2 3945.7 1998.4 3914.5 1998.4 3914.5 1966.2
P1672 0.136276945472 315.1 397.9 315.1 438.4 274.3 438.4 274.3 397.9
P1581 0.586053311825 384.9 3351.7 384.9 3420.4 323.1 3420.4 323.1 3351.7
P1581 0.530521571636 203.8 2703.7 203.8 2763.2 144.3 2763.2 144.3 2703.7
P1581 0.530503630638 924.4 3868.0 924.4 3935.5 862.4 3935.5 862.4 3868.0
P1581 0.494822442532 593.6 2657.1 593.6 2722.9 530.8 2722.9 530.8 2657.1
P1581 0.265706181526 289.5 2512.3 289.5 2548.2 251.2 2548.2 251.2 2512.3
P1581 0.131200551987 4072.8 3894.7 4036.6 3910.7 4012.6 3870.3 4048.9 3854.3
P1581 0.111712671816 1055.8 3437.2 1055.8 3469.4 1027.7 3469.4 1027.7 3437.2
P1581 0.101146809757 282.7 2826.2 282.7 2865.6 242.1 2865.6 242.1 2826.2
P1742 0.15630607307 2676.4 3691.8 2676.4 3783.6 2584.4 3783.6 2584.4 3691.8
P1742 0.128711089492 2662.9 2586.5 2662.9 2761.6 2493.7 2761.6 2493.7 2586.5
P1742 0.101171173155 2051.2 3434.4 2051.2 3458.7 2024.4 3458.7 2024.4 3434.4
P2375 0.510177195072 834.4 857.1 834.4 954.6 745.8 954.6 745.8 857.1
P1596 0.319774925709 1380.5 1632.6 1380.5 1691.3 1319.6 1691.3 1319.6 1632.6
P1596 0.115615688264 30.2 2063.5 30.2 2091.9 -2.6 2091.9 -2.6 2063.5
P1596 0.102050848305 3593.0 482.4 3593.0 504.9 3570.7 504.9 3570.7 482.4
P2449 0.383370220661 345.0 508.9 345.0 551.2 306.4 551.2 306.4 508.9
P2449 0.141940250993 208.9 1600.1 208.9 1618.9 193.5 1618.9 193.5 1600.1
P10733 0.354427665472 245.8 676.2 245.8 696.0 221.7 696.0 221.7 676.2
P10733 0.143628463149 996.6 921.0 996.6 955.7 967.3 955.7 967.3 921.0
P9594 0.398211985826 77.8 2778.4 77.8 2817.1 37.8 2817.1 37.8 2778.4
P9594 0.338454097509 1499.2 219.5 1499.2 287.8 1432.6 287.8 1432.6 219.5
P9594 0.337876915932 785.2 2590.8 785.2 2636.5 739.2 2636.5 739.2 2590.8
P9594 0.333896309137 472.0 2440.5 472.0 2499.1 411.7 2499.1 411.7 2440.5
P9594 0.212136909366 909.4 1074.7 909.4 1095.5 886.7 1095.5 886.7 1074.7
P9594 0.206725090742 312.3 1676.0 312.3 1694.9 293.1 1694.9 293.1 1676.0
P0143 0.100516654551 441.7 280.0 441.7 441.5 361.8 441.5 361.8 280.0
P1380 0.332502603531 3846.3 3234.3 3846.3 3330.0 3750.3 3330.0 3750.3 3234.3
P1380 0.309336066246 2473.1 2408.3 2473.1 2628.1 2235.3 2628.1 2235.3 2408.3
P1380 0.24220854044 1927.7 1219.7 1927.7 1353.0 1780.8 1353.0 1780.8 1219.7
P1380 0.158405676484 3750.5 4077.1 3750.5 4123.0 3700.6 4123.0 3700.6 4077.1
P1380 0.152213841677 4287.6 4427.6 4287.6 4472.3 4238.7 4472.3 4238.7 4427.6
P1380 0.148881316185 2792.3 618.4 2792.3 746.1 2652.6 746.1 2652.6 618.4
P1380 0.145038664341 3105.0 3526.5 3105.0 3573.7 3050.8 3573.7 3050.8 3526.5
P1380 0.100756242871 3616.8 2941.1 3616.8 3022.7 3563.5 3022.7 3563.5 2941.1
P2709 0.113418057561 604.7 768.6 604.7 851.4 528.3 851.4 528.3 768.6
P2709 0.110352121294 1594.4 430.1 1594.4 518.2 1497.4 518.2 1497.4 430.1
P2709 0.108092837036 275.8 584.3 275.8 620.0 240.8 620.0 240.8 584.3
P2709 0.107617132366 1578.9 1943.5 1578.9 2084.9 1441.2 2084.9 1441.2 1943.5
P2709 0.104620017111 1853.4 2151.1 1853.4 2232.5 1750.9 2232.5 1750.9 2151.1
P2778 0.124928958714 2052.7 464.4 2052.7 516.0 2006.0 516.0 2006.0 464.4
P1371 0.244299829006 3613.0 1151.9 3613.0 1186.6 3580.9 1186.6 3580.9 1151.9
P1371 0.144195854664 1494.9 2897.6 1494.9 2970.8 1421.2 2970.8 1421.2 2897.6
P1371 0.115274012089 1607.4 3209.6 1545.0 3236.0 1517.0 3172.2 1579.5 3145.8
P2242 0.124153368175 1635.9 601.5 1635.9 667.2 1584.5 667.2 1584.5 601.5
P2721 0.377928406 1976.3 1166.1 1976.3 1190.8 1954.5 1190.8 1954.5 1166.1
P2721 0.310223609209 3865.8 2204.5 3865.8 2258.1 3810.2 2258.1 3810.2 2204.5
P2721 0.291928231716 2923.1 1490.5 2923.1 1538.4 2873.2 1538.4 2873.2 1490.5
P2721 0.179519057274 2637.1 1663.3 2637.1 1686.2 2614.6 1686.2 2614.6 1663.3
P2721 0.162292033434 1447.1 2124.5 1447.1 2143.5 1428.6 2143.5 1428.6 2124.5
P2721 0.141761779785 1474.1 273.4 1474.1 306.4 1441.6 306.4 1441.6 273.4
P2721 0.13426849246 1811.5 1700.0 1800.6 1707.6 1782.6 1688.2 1793.6 1680.6
P2721 0.131869360805 2710.5 1624.4 2710.5 1650.7 2687.5 1650.7 2687.5 1624.4
P2721 0.12507390976 671.0 619.9 671.0 631.2 653.8 631.2 653.8 619.9
P2721 0.119207531214 1172.5 1254.6 1172.5 1268.1 1159.8 1268.1 1159.8 1254.6
P2721 0.108431488276 4358.9 2098.5 4329.0 2117.2 4299.5 2081.1 4329.4 2062.4
P2721 0.100053995848 2445.1 2354.1 2445.1 2372.5 2425.1 2372.5 2425.1 2354.1
P5155 0.131291285157 707.5 263.6 707.5 275.0 689.1 275.0 689.1 263.6
P2197 0.193899616599 1943.3 246.8 1943.3 341.7 1845.6 341.7 1845.6 246.8
P2197 0.191837102175 289.5 1579.7 289.5 1618.5 250.3 1618.5 250.3 1579.7
P2541 0.389284938574 2444.0 380.3 2444.0 400.5 2424.3 400.5 2424.3 380.3
P2541 0.218853980303 2580.0 481.3 2580.0 499.2 2563.8 499.2 2563.8 481.3
P2541 0.177461475134 1750.9 167.5 1750.9 196.9 1724.7 196.9 1724.7 167.5
P2541 0.124823965132 1517.3 1594.2 1517.3 1609.6 1502.7 1609.6 1502.7 1594.2
P2541 0.110516488552 1818.5 1748.1 1818.5 1767.9 1801.0 1767.9 1801.0 1748.1
P1283 0.266735285521 272.5 3850.3 272.5 3905.8 220.2 3905.8 220.2 3850.3
P1283 0.246312573552 1205.2 682.5 1205.2 713.9 1174.9 713.9 1174.9 682.5
P1283 0.216007098556 35.1 861.7 35.1 879.0 17.8 879.0 17.8 861.7
P1283 0.207554146647 1114.5 344.4 1114.5 370.2 1091.3 370.2 1091.3 344.4
P2718 0.163861274719 1758.9 1274.0 1758.9 1346.0 1693.3 1346.0 1693.3 1274.0
P2718 0.126327067614 1214.6 2306.5 1214.6 2325.3 1190.7 2325.3 1190.7 2306.5
P2718 0.120679534972 4455.0 1949.7 4455.0 1974.4 4436.9 1974.4 4436.9 1949.7
P2718 0.117181248963 4494.5 1998.7 4494.5 2017.4 4477.4 2017.4 4477.4 1998.7
P2718 0.109523668885 3213.5 2001.8 3213.5 2026.1 3191.3 2026.1 3191.3 2001.8
P2718 0.108584582806 2099.8 546.5 2099.8 568.2 2072.0 568.2 2072.0 546.5
P2718 0.105853334069 1318.7 319.4 1318.7 348.8 1286.6 348.8 1286.6 319.4
P2802 0.340069979429 2451.4 190.5 2451.4 301.7 2337.1 301.7 2337.1 190.5
P2802 0.173723891377 1247.7 2852.6 1247.7 2887.6 1211.7 2887.6 1211.7 2852.6
P2802 0.136872634292 694.0 306.8 694.0 337.3 661.9 337.3 661.9 306.8
P2802 0.122280180454 2340.3 538.8 2340.3 618.0 2256.5 618.0 2256.5 538.8
P2802 0.122248612344 1132.2 818.4 1132.2 840.9 1110.7 840.9 1110.7 818.4
P2802 0.107579447329 1041.8 1890.3 1041.8 1937.8 993.5 1937.8 993.5 1890.3
P2802 0.107199467719 3666.5 645.9 3666.5 862.4 3361.8 862.4 3361.8 645.9
P2802 0.105353213847 4651.5 2860.0 4651.5 2999.6 4503.6 2999.6 4503.6 2860.0
P2802 0.103408508003 3377.2 776.9 3377.2 1027.2 3114.5 1027.2 3114.5 776.9
P2802 0.102070204914 3803.0 1304.1 3803.0 1620.2 3425.4 1620.2 3425.4 1304.1
P10795 0.12708735466 311.4 901.2 311.4 910.6 301.2 910.6 301.2 901.2
P10795 0.115576051176 986.7 419.5 986.7 446.7 954.6 446.7 954.6 419.5
P3810 0.101626396179 463.0 138.6 463.0 154.4 445.2 154.4 445.2 138.6
P10137 0.136254325509 690.6 569.5 690.6 609.6 632.9 609.6 632.9 569.5
P0079 0.46045601368 411.6 341.2 411.6 444.9 303.3 444.9 303.3 341.2
P0060 0.239933282137 1333.7 520.7 1333.7 619.1 1230.2 619.1 1230.2 520.7
P0060 0.112703308463 1943.1 565.8 1943.1 615.1 1861.3 615.1 1861.3 565.8
P7746 0.155744284391 76.9 662.2 76.9 677.8 62.0 677.8 62.0 662.2
P7746 0.139265477657 495.0 423.0 495.0 461.1 461.8 461.1 461.8 423.0
P2542 0.397522598505 1631.0 2109.6 1631.0 2131.4 1609.8 2131.4 1609.8 2109.6
P2542 0.30539008975 157.3 618.7 157.3 641.3 136.2 641.3 136.2 618.7
P2542 0.185451924801 562.7 1040.7 562.7 1074.2 530.2 1074.2 530.2 1040.7
P1184 0.246469467878 1802.9 4153.7 1802.9 4186.8 1768.3 4186.8 1768.3 4153.7
P1184 0.207124814391 2340.8 2744.3 2340.8 2780.5 2307.0 2780.5 2307.0 2744.3
P1184 0.202428072691 1702.3 4098.4 1702.3 4160.9 1630.3 4160.9 1630.3 4098.4
P1184 0.172981306911 2083.9 2674.4 2083.9 2729.1 2024.0 2729.1 2024.0 2674.4
P1184 0.115275785327 1851.1 4004.7 1851.1 4079.2 1777.5 4079.2 1777.5 4004.7
P1184 0.114018134773 1742.1 3960.3 1742.1 4051.9 1646.7 4051.9 1646.7 3960.3
P2689 0.389939725399 4651.6 844.2 4651.6 895.9 4601.4 895.9 4601.4 844.2
P2689 0.357236474752 2338.0 49.0 2338.0 73.1 2314.3 73.1 2314.3 49.0
P2689 0.345128297806 2634.5 1460.6 2634.5 1496.2 2602.1 1496.2 2602.1 1460.6
P2689 0.343945980072 1875.4 1045.0 1875.4 1086.2 1839.7 1086.2 1839.7 1045.0
P2689 0.275073170662 2113.3 131.7 2113.3 192.3 2051.2 192.3 2051.2 131.7
P2689 0.234962910414 3423.9 970.3 3423.9 1017.3 3372.1 1017.3 3372.1 970.3
P2689 0.169139266014 4344.0 243.2 4344.0 288.2 4300.3 288.2 4300.3 243.2
P2689 0.158184677362 990.1 1058.4 990.1 1088.9 956.4 1088.9 956.4 1058.4
P2504 0.43709680438 628.3 355.5 628.3 401.0 583.7 401.0 583.7 355.5
P2504 0.306772351265 1117.7 662.6 1117.7 685.3 1096.2 685.3 1096.2 662.6
P2504 0.222130939364 1539.1 523.2 1539.1 544.8 1521.1 544.8 1521.1 523.2
P2504 0.116974055767 1031.5 1480.8 1031.5 1546.9 964.7 1546.9 964.7 1480.8
P2504 0.106869764626 1539.0 497.9 1539.0 521.9 1513.5 521.9 1513.5 497.9
P2504 0.101430378854 1241.2 584.5 1160.2 622.9 1114.2 483.6 1195.1 445.2
P2504 0.100711047649 994.9 1365.2 994.9 1463.2 897.8 1463.2 897.8 1365.2
P2256 0.181298315525 422.9 989.6 422.9 1102.8 310.1 1102.8 310.1 989.6
P2408 0.144528090954 1338.4 1992.6 1231.2 2026.3 1169.4 1819.3 1276.6 1785.6
P2477 0.367182344198 641.3 794.9 641.3 840.4 601.1 840.4 601.1 794.9
P2477 0.345393061638 151.7 1044.6 151.7 1079.9 122.7 1079.9 122.7 1044.6
P9467 0.347331315279 2854.2 204.4 2854.2 264.2 2805.3 264.2 2805.3 204.4
P9467 0.103416532278 133.7 1487.7 133.7 1556.8 55.5 1556.8 55.5 1487.7
P2794 0.11101269722 1559.8 953.7 1559.8 1346.2 1132.4 1346.2 1132.4 953.7
P2794 0.107819497585 4361.9 678.1 4361.9 773.8 4274.0 773.8 4274.0 678.1
P2121 0.232147157192 515.5 377.7 515.5 634.8 240.6 634.8 240.6 377.7
P2121 0.182694092393 563.1 629.6 563.1 926.6 232.7 926.6 232.7 629.6
P2121 0.117050677538 751.4 148.6 751.4 383.7 500.5 383.7 500.5 148.6
P1257 0.145340979099 3774.6 2106.0 3774.6 2138.5 3742.1 2138.5 3742.1 2106.0
P1257 0.109022952616 1887.4 3501.7 1887.4 3534.0 1853.4 3534.0 1853.4 3501.7
P2231 0.140577569604 1422.8 49.9 1422.8 72.4 1404.1 72.4 1404.1 49.9
P2231 0.101440809667 1443.3 1383.0 1443.3 1445.5 1379.5 1445.5 1379.5 1383.0
P1566 0.134988352656 3603.1 754.7 3603.1 785.6 3577.1 785.6 3577.1 754.7
P1541 0.226970598102 431.5 2811.3 431.5 2839.9 404.8 2839.9 404.8 2811.3
P1541 0.179961726069 214.3 857.0 214.3 882.3 189.9 882.3 189.9 857.0
P1542 0.215383380651 2566.3 1103.2 2566.3 1140.8 2525.6 1140.8 2525.6 1103.2
P1542 0.107281379402 3006.5 838.3 3006.5 862.5 2981.2 862.5 2981.2 838.3
P1738 0.158979579806 1336.3 1516.2 1336.3 1576.8 1275.8 1576.8 1275.8 1516.2
P1738 0.127043917775 1957.9 1858.6 1957.9 1906.0 1917.6 1906.0 1917.6 1858.6
P2220 0.100929021835 893.5 820.7 893.5 862.1 835.1 862.1 835.1 820.7
P0104 0.378031432629 595.8 347.5 595.8 601.7 289.3 601.7 289.3 347.5
P2236 0.132922574878 619.0 748.3 619.0 790.2 576.1 790.2 576.1 748.3
P1713 0.200654685497 34.3 939.4 34.3 992.5 -14.4 992.5 -14.4 939.4
P1713 0.14811193943 910.9 3468.4 910.9 3526.5 854.2 3526.5 854.2 3468.4
P1713 0.124286882579 3105.5 3577.9 3105.5 3617.7 3067.2 3617.7 3067.2 3577.9
P1713 0.119790665805 1328.7 3132.6 1328.7 3215.8 1243.9 3215.8 1243.9 3132.6
P1610 0.513298153877 1544.0 715.9 1544.0 752.1 1508.8 752.1 1508.8 715.9
P1610 0.162841960788 2141.1 6.0 2141.1 38.3 2111.5 38.3 2111.5 6.0
P1610 0.156972542405 2183.2 137.0 2183.2 163.7 2158.4 163.7 2158.4 137.0
P1610 0.104265891016 3891.0 2447.3 3891.0 2485.5 3849.9 2485.5 3849.9 2447.3
P0841 0.144177943468 1348.9 1322.8 1348.9 1409.0 1263.0 1409.0 1263.0 1322.8
P0841 0.106514714658 1435.5 1665.8 1435.5 1738.1 1353.2 1738.1 1353.2 1665.8
P0131 0.115857303143 609.5 395.2 609.5 609.3 370.3 609.3 370.3 395.2
P0524 0.106331847608 139.5 420.2 91.2 443.1 57.4 376.4 105.7 353.5
P0019 0.116530455649 1600.1 81.9 1600.1 153.3 1522.9 153.3 1522.9 81.9
P1066 0.140627413988 1014.8 563.7 1014.8 672.4 933.9 672.4 933.9 563.7
P1342 0.196548238397 3432.7 666.9 3432.7 728.5 3385.7 728.5 3385.7 666.9
P1342 0.185665294528 2061.6 3038.0 2061.6 3078.0 2015.2 3078.0 2015.2 3038.0
P1342 0.127337127924 1899.0 920.6 1899.0 988.2 1816.6 988.2 1816.6 920.6
P1666 0.453370541334 249.1 156.2 249.1 192.5 211.1 192.5 211.1 156.2
P1666 0.436414599419 1106.2 137.4 1106.2 177.9 1065.9 177.9 1065.9 137.4
P1666 0.403098553419 469.5 357.5 469.5 391.5 438.0 391.5 438.0 357.5
P1666 0.372286707163 1340.9 790.5 1340.9 861.5 1278.1 861.5 1278.1 790.5
P1666 0.345845460892 1494.6 1109.3 1494.6 1141.9 1463.1 1141.9 1463.1 1109.3
P2097 0.166249111295 907.4 783.9 907.4 830.9 857.3 830.9 857.3 783.9
P2097 0.142424017191 278.5 775.4 278.5 797.4 255.3 797.4 255.3 775.4
P1992 0.499401450157 876.2 97.2 876.2 194.7 783.8 194.7 783.8 97.2
P2956 0.128831163049 807.6 863.2 807.6 900.9 756.0 900.9 756.0 863.2
P2791 0.192951574922 3080.6 1712.2 3080.6 1787.9 3011.3 1787.9 3011.3 1712.2
P2791 0.152553528547 3417.1 3182.6 3417.1 3285.6 3323.0 3285.6 3323.0 3182.6
P2791 0.118467234075 3594.1 2986.0 3594.1 3034.2 3529.7 3034.2 3529.7 2986.0
P2539 0.426336795092 818.6 1339.7 818.6 1375.7 783.6 1375.7 783.6 1339.7
P2539 0.269072264433 436.9 1315.7 436.9 1344.8 407.0 1344.8 407.0 1315.7
P1732 0.125639677048 2178.2 1913.0 2178.2 1945.4 2153.5 1945.4 2153.5 1913.0
P4138 0.227538868785 289.5 502.7 289.5 621.7 146.9 621.7 146.9 502.7
P4138 0.138631165028 696.5 919.1 696.5 1044.9 523.5 1044.9 523.5 919.1
P1397 0.109870128334 6028.4 312.5 6028.4 451.5 5880.0 451.5 5880.0 312.5
P2754 0.197716996074 673.3 1712.8 673.3 1762.4 627.3 1762.4 627.3 1712.8
P2754 0.189850434661 524.7 2518.7 524.7 2548.5 494.3 2548.5 494.3 2518.7
P2754 0.13637188077 786.0 3086.3 786.0 3116.9 754.3 3116.9 754.3 3086.3
P3044 0.207184150815 130.4 389.3 130.4 422.8 90.2 422.8 90.2 389.3
P3044 0.160612806678 830.9 526.3 830.9 565.3 780.0 565.3 780.0 526.3
P3044 0.153530076146 983.3 476.2 983.3 503.9 949.1 503.9 949.1 476.2
P2286 0.106686845422 2100.0 1333.5 2100.0 1366.3 2063.8 1366.3 2063.8 1333.5
P1651 0.25956633687 1931.7 2570.6 1931.7 2617.1 1888.1 2617.1 1888.1 2570.6
P1651 0.142071083188 2927.1 1553.3 2927.1 1586.7 2893.6 1586.7 2893.6 1553.3
P1651 0.132225036621 3454.4 3050.9 3454.4 3073.8 3430.0 3073.8 3430.0 3050.9
P1651 0.104279629886 2748.2 2982.0 2722.1 2992.7 2712.0 2965.1 2738.1 2954.4
P1332 0.110175602138 3233.2 890.6 3233.2 922.2 3202.5 922.2 3202.5 890.6
P1332 0.105239257216 2609.3 754.0 2513.1 769.2 2506.5 714.4 2602.6 699.2
P1584 0.209995374084 3520.4 2104.8 3520.4 2187.4 3451.6 2187.4 3451.6 2104.8
P1584 0.118826083839 1321.1 2314.6 1321.1 2361.0 1275.6 2361.0 1275.6 2314.6
P1754 0.503223955631 2703.2 42.8 2703.2 88.9 2660.3 88.9 2660.3 42.8
P1754 0.45720025897 521.3 118.2 521.3 148.7 491.4 148.7 491.4 118.2
P1754 0.323427140713 2716.0 206.3 2716.0 246.2 2679.3 246.2 2679.3 206.3
P1754 0.22081579268 211.4 4746.6 211.4 4779.5 178.2 4779.5 178.2 4746.6
P1754 0.206048741937 297.4 623.1 297.4 660.8 260.2 660.8 260.2 623.1
P1754 0.161692246795 2682.9 476.7 2682.9 512.3 2648.6 512.3 2648.6 476.7
P1754 0.140009701252 74.9 2029.4 74.9 2070.6 33.6 2070.6 33.6 2029.4
P1754 0.139238685369 139.7 2038.5 139.7 2085.9 96.0 2085.9 96.0 2038.5
P1754 0.132701262832 59.2 1949.0 59.2 1983.8 25.2 1983.8 25.2 1949.0
P1754 0.115127049387 411.6 -1.9 411.6 53.1 360.0 53.1 360.0 -1.9
P0086 0.270458042622 655.4 533.1 655.4 799.7 317.5 799.7 317.5 533.1
P1506 0.143842831254 2705.4 211.1 2705.4 304.4 2618.3 304.4 2618.3 211.1
P2478 0.41416233778 1683.8 633.0 1683.8 673.9 1646.7 673.9 1646.7 633.0
P1940 0.116169668734 107.2 311.1 107.2 362.9 65.1 362.9 65.1 311.1
P1275 0.105797544122 1054.0 2858.6 1054.0 2880.4 1036.3 2880.4 1036.3 2858.6
P2733 0.19991338253 815.5 184.5 815.5 212.8 787.5 212.8 787.5 184.5
P2733 0.100599206984 1128.0 88.4 1128.0 188.1 1028.5 188.1 1028.5 88.4
P1809 0.343183994293 3384.7 3850.8 3384.7 3929.3 3314.9 3929.3 3314.9 3850.8
P1809 0.216307476163 3184.5 3562.6 3184.5 3714.2 3028.3 3714.2 3028.3 3562.6
P1809 0.213294580579 4449.5 3280.3 4449.5 3403.8 4322.7 3403.8 4322.7 3280.3
P1809 0.132414281368 3616.4 5961.0 3616.4 6083.1 3523.5 6083.1 3523.5 5961.0
P1809 0.126105487347 2847.4 3339.5 2847.4 3489.3 2693.2 3489.3 2693.2 3339.5
P1809 0.102091312408 2190.5 2902.2 2190.5 2973.1 2125.8 2973.1 2125.8 2902.2
P8324 0.125645697117 787.7 96.3 787.7 116.6 761.3 116.6 761.3 96.3
P2722 0.11174095422 1453.2 1052.0 1453.2 1072.8 1430.1 1072.8 1430.1 1052.0
P2714 0.431906282902 4010.6 1462.7 4010.6 1486.7 3987.5 1486.7 3987.5 1462.7
P2714 0.15269716084 4137.5 1913.1 4137.5 1934.7 4117.2 1934.7 4117.2 1913.1
P2714 0.134412154555 3114.7 357.6 3114.7 381.4 3089.2 381.4 3089.2 357.6
P2714 0.116146236658 1656.8 150.1 1656.8 163.6 1644.0 163.6 1644.0 150.1
P2714 0.115719750524 1760.4 1535.1 1760.4 1564.2 1732.3 1564.2 1732.3 1535.1
P2714 0.100014202297 2028.8 893.3 2028.8 911.3 2007.9 911.3 2007.9 893.3
P2374 0.160325631499 716.3 606.1 716.3 822.1 512.4 822.1 512.4 606.1
P1377 0.178955987096 2190.1 3893.3 2190.1 3943.1 2134.0 3943.1 2134.0 3893.3
P1377 0.106416113675 1647.0 1647.4 1647.0 1844.9 1461.8 1844.9 1461.8 1647.4
P0081 0.270086616278 532.4 210.3 532.4 546.3 122.2 546.3 122.2 210.3
P0953 0.114593684673 2386.6 11.4 2386.6 73.2 2313.9 73.2 2313.9 11.4
P4083 0.107728824019 483.6 393.3 483.6 433.9 440.5 433.9 440.5 393.3
P2450 0.461107552052 1016.6 590.8 1016.6 621.2 987.9 621.2 987.9 590.8
P2993 0.127506881952 630.2 639.8 630.2 659.5 606.4 659.5 606.4 639.8
P2993 0.124667547643 590.8 626.5 590.8 648.3 565.7 648.3 565.7 626.5
P2993 0.106334112585 654.7 611.7 654.7 633.5 629.2 633.5 629.2 611.7
P0990 0.195163607597 583.9 1770.5 583.9 1817.5 539.9 1817.5 539.9 1770.5
P0990 0.100935049355 1102.2 1632.4 1102.2 1740.2 998.4 1740.2 998.4 1632.4
P2230 0.322787195444 2286.2 249.8 2286.2 298.2 2240.5 298.2 2240.5 249.8
P1432 0.123992905021 344.0 2920.4 226.6 2953.6 154.9 2706.9 272.4 2673.7
P6868 0.136111974716 262.7 718.3 262.7 740.9 230.2 740.9 230.2 718.3
P1547 0.155378878117 996.3 3543.5 996.3 3580.6 953.0 3580.6 953.0 3543.5
P2758 0.163986623287 5633.9 373.3 5633.9 470.9 5571.0 470.9 5571.0 373.3
P5334 0.133430987597 356.1 246.1 356.1 349.7 264.7 349.7 264.7 246.1
P2126 0.15276016295 376.6 191.1 376.6 325.1 269.7 325.1 269.7 191.1
P2126 0.130241110921 173.7 900.6 173.7 959.4 102.8 959.4 102.8 900.6
P1647 0.30408129096 1135.2 1851.8 1135.2 1895.9 1092.4 1895.9 1092.4 1851.8
P1647 0.154337465763 2908.0 2537.5 2908.0 2570.1 2871.0 2570.1 2871.0 2537.5
P0150 0.185853585601 476.4 222.8 476.4 260.1 439.9 260.1 439.9 222.8
P2587 0.115858219564 1554.3 514.6 1554.3 608.8 1465.3 608.8 1465.3 514.6
P0864 0.187761366367 3007.6 1062.8 3007.6 1132.4 2937.8 1132.4 2937.8 1062.8
P0499 0.161505147815 401.9 268.5 401.9 631.5 -5.6 631.5 -5.6 268.5
P0420 0.10533156991 275.6 -7.8 275.6 92.4 169.2 92.4 169.2 -7.8
P1090 0.144595578313 1943.6 1332.5 1916.7 1348.2 1894.9 1304.2 1921.9 1288.5
P5949 0.320879787207 147.1 349.9 147.1 373.4 122.2 373.4 122.2 349.9
P5949 0.122051633894 582.3 160.8 582.3 178.4 558.4 178.4 558.4 160.8
P2385 0.101156152785 1513.6 889.7 1513.6 906.4 1496.7 906.4 1496.7 889.7
P2342 0.117791295052 1277.6 2291.7 1252.2 2304.6 1245.6 2291.2 1271.1 2278.3
P0961 0.104464583099 5313.3 1010.5 5313.3 1073.4 5235.0 1073.4 5235.0 1010.5
P9977 0.100824631751 977.8 351.4 977.8 380.5 954.6 380.5 954.6 351.4
P1398 0.112220354378 1889.1 301.2 1889.1 614.8 1530.6 614.8 1530.6 301.2
P8392 0.118258729577 486.5 -23.5 486.5 43.9 413.8 43.9 413.8 -23.5
P0110 0.136403754354 2412.4 1538.0 2412.4 1556.3 2392.5 1556.3 2392.5 1538.0
P2455 0.499470442533 1176.5 360.8 1176.5 451.5 1091.7 451.5 1091.7 360.8
P2724 0.290920376778 4224.2 369.0 4224.2 402.1 4190.0 402.1 4190.0 369.0
P2724 0.265053629875 3356.3 1460.6 3356.3 1486.7 3328.6 1486.7 3328.6 1460.6
P2724 0.219321578741 2233.3 2151.3 2233.3 2172.5 2211.2 2172.5 2211.2 2151.3
P2724 0.177752882242 2053.5 2334.5 2053.5 2357.7 2030.2 2357.7 2030.2 2334.5
P2724 0.124610304832 3677.9 1939.7 3677.9 1960.2 3655.5 1960.2 3655.5 1939.7
P2724 0.118425920606 3630.8 553.4 3630.8 570.1 3614.5 570.1 3614.5 553.4
P2724 0.106290742755 3493.8 1263.3 3493.8 1283.9 3472.5 1283.9 3472.5 1263.3
P2789 0.241112753749 2355.8 3175.5 2355.8 3324.7 2208.0 3324.7 2208.0 3175.5
P1376 0.112078890204 1097.6 2993.4 1097.6 3026.9 1058.5 3026.9 1058.5 2993.4
P1699 0.474941045046 520.7 804.8 520.7 848.4 475.7 848.4 475.7 804.8
P7800 0.128426611423 498.6 777.7 498.6 794.2 481.2 794.2 481.2 777.7
P2429 0.291905045509 334.9 1431.6 334.9 1452.8 317.9 1452.8 317.9 1431.6
P2429 0.243058949709 76.6 2263.8 76.6 2284.9 54.2 2284.9 54.2 2263.8
P1569 0.112213149667 4119.5 703.6 4119.5 732.3 4089.5 732.3 4089.5 703.6
P1569 0.104141190648 2657.4 571.9 2657.4 607.8 2611.1 607.8 2611.1 571.9
P1246 0.105869628489 3574.0 2274.9 3574.0 2297.4 3551.3 2297.4 3551.3 2274.9
P4721 0.11157964915 933.8 348.2 933.8 367.0 909.9 367.0 909.9 348.2
P1720 0.425334304571 1443.7 2551.1 1443.7 2620.8 1375.8 2620.8 1375.8 2551.1
P2330 0.148769304156 127.7 230.5 127.7 253.4 107.3 253.4 107.3 230.5
P2330 0.115755327046 648.0 228.0 569.2 258.9 523.8 128.4 602.7 97.4
P1230 0.106374524534 5067.0 1819.6 5067.0 1847.9 5040.6 1847.9 5040.6 1819.6
P2093 0.142573669553 905.5 2.3 905.5 162.3 709.1 162.3 709.1 2.3
P2745 0.111797258258 3082.6 1499.8 3082.6 1518.7 3063.8 1518.7 3063.8 1499.8
P2695 0.10264994204 553.3 2083.4 553.3 2096.5 539.5 2096.5 539.5 2083.4
P0696 0.102378487587 402.5 -5.7 402.5 25.6 369.5 25.6 369.5 -5.7
P2152 0.157756671309 854.2 364.9 854.2 423.6 793.6 423.6 793.6 364.9
P4265 0.134730741382 558.3 56.8 558.3 73.8 540.6 73.8 540.6 56.8
P8601 0.106956407428 944.8 917.0 944.8 936.5 915.2 936.5 915.2 917.0
P0897 0.136424303055 555.6 4969.5 555.6 5010.4 520.3 5010.4 520.3 4969.5
P0801 0.135259360075 2017.1 -6.4 2017.1 74.9 1931.3 74.9 1931.3 -6.4
P10251 0.162905663252 78.8 689.5 78.8 714.1 53.6 714.1 53.6 689.5
P6135 0.294119775295 290.3 41.0 290.3 67.8 258.0 67.8 258.0 41.0
P1643 0.196854293346 154.4 581.0 154.4 623.0 114.2 623.0 114.2 581.0
P0789 0.131399452686 586.5 58.6 586.5 153.8 489.9 153.8 489.9 58.6
P1919 0.102267451584 249.5 132.4 249.5 190.7 182.3 190.7 182.3 132.4
P1007 0.113996118307 5973.7 1014.9 5973.7 1088.6 5909.3 1088.6 5909.3 1014.9
P0904 0.37551382184 892.6 659.5 892.6 778.8 774.2 778.8 774.2 659.5
P2363 0.124425709248 1640.7 1608.8 1640.7 1630.7 1612.8 1630.7 1612.8 1608.8
