P2721 0.568953335285 4360.6 2131.4 4330.6 2145.1 4306.0 2082.4 4336.1 2068.7
P2721 0.517651677132 534.2 1712.4 534.2 1779.4 493.7 1779.4 493.7 1712.4
P2721 0.493755400181 391.9 945.7 391.9 1010.0 356.3 1010.0 356.3 945.7
P2721 0.482124626637 961.0 2213.5 961.0 2272.0 932.2 2272.0 932.2 2213.5
P2721 0.479053378105 984.4 1321.4 958.6 1335.6 932.6 1284.0 958.3 1269.8
P2721 0.474295794964 738.5 2135.2 738.5 2176.2 714.6 2176.2 714.6 2135.2
P2721 0.388173371553 1811.5 1700.0 1800.6 1707.6 1782.6 1688.2 1793.6 1680.6
P2721 0.369923859835 1105.3 1596.5 1105.3 1608.0 1035.5 1608.0 1035.5 1596.5
P2721 0.330526202917 3619.1 1001.8 3619.1 1081.3 3585.1 1081.3 3585.1 1001.8
P2721 0.305198699236 1181.5 1786.0 1181.5 1817.7 1158.0 1817.7 1158.0 1786.0
P2721 0.305038005114 2770.9 1230.2 2744.9 1250.9 2704.5 1206.9 2730.4 1186.2
P2721 0.303528904915 1436.9 630.9 1388.5 641.6 1382.0 614.0 1430.3 603.3
P2721 0.296943724155 39.5 2118.9 39.5 2183.5 4.1 2183.5 4.1 2118.9
P2721 0.294092655182 3408.7 2010.4 3408.7 2034.8 3355.6 2034.8 3355.6 2010.4
P2721 0.268279373646 3361.3 1383.0 3334.6 1403.9 3323.4 1390.0 3350.1 1369.1
P2721 0.253080040216 3790.7 1353.7 3790.7 1386.8 3772.4 1386.8 3772.4 1353.7
P2721 0.235842496157 1357.0 2271.5 1344.5 2279.5 1327.0 2255.3 1339.5 2247.3
P2721 0.221030458808 2689.0 710.6 2689.0 749.7 2665.6 749.7 2665.6 710.6
P2721 0.219198927283 1827.9 1882.5 1807.6 1901.4 1798.6 1890.7 1818.9 1871.8
P2721 0.214784279466 3486.9 2317.8 3470.7 2325.9 3454.1 2304.5 3470.4 2296.4
P2721 0.208793580532 980.3 567.3 980.3 596.7 967.0 596.7 967.0 567.3
P2721 0.204451516271 2729.5 1717.0 2702.2 1733.5 2689.4 1712.8 2716.7 1696.3
P2721 0.19711138308 1947.7 1749.6 1937.1 1756.4 1920.5 1735.9 1931.1 1729.1
P2721 0.193151250482 581.0 660.8 581.0 689.5 560.5 689.5 560.5 660.8
P2721 0.186599984765 258.9 930.6 258.9 961.0 233.3 961.0 233.3 930.6
P2721 0.17497548461 758.6 2146.7 758.6 2178.6 740.9 2178.6 740.9 2146.7
P2721 0.167204022408 3084.9 1517.3 3054.6 1518.7 3054.3 1502.6 3084.5 1501.1
P2721 0.155904561281 1576.9 113.6 1550.1 128.1 1532.2 107.2 1559.0 92.7
P2721 0.152347639203 2094.7 2043.8 2065.5 2050.8 2045.6 2008.2 2074.8 2001.2
P2721 0.143722876906 3124.6 997.5 3124.6 1014.2 3096.0 1014.2 3096.0 997.5
P2721 0.141454577446 1038.0 504.0 1038.0 516.5 1005.3 516.5 1005.3 504.0
P2721 0.137557446957 3027.9 1870.6 3014.8 1878.2 3000.6 1852.7 3013.7 1845.0
P2721 0.132759064436 3182.4 861.0 3182.4 893.9 3157.7 893.9 3157.7 861.0
P2721 0.132648617029 3763.7 1342.9 3763.7 1373.6 3744.8 1373.6 3744.8 1342.9
P2721 0.132578954101 2355.8 1467.3 2332.7 1514.0 2313.0 1504.6 2336.1 1458.0
P2721 0.126525789499 429.6 499.5 429.6 528.7 415.0 528.7 415.0 499.5
P2721 0.117971777916 1403.8 1577.5 1389.5 1581.6 1384.1 1555.4 1398.4 1551.3
P2721 0.113101497293 3014.1 1880.8 3014.1 1914.6 2965.9 1914.6 2965.9 1880.8
P2721 0.110914357007 518.3 1773.9 518.3 1822.0 494.4 1822.0 494.4 1773.9
P2721 0.108227990568 3771.0 2200.5 3744.6 2216.7 3722.1 2181.8 3748.5 2165.6
P2721 0.107211254537 2127.6 116.0 2127.6 239.7 2044.1 239.7 2044.1 116.0
P2721 0.101264297962 4068.4 1501.3 4067.1 1522.0 4030.9 1519.6 4032.2 1498.9
P2722 0.551037192345 1543.4 1373.1 1517.1 1388.3 1491.7 1326.4 1518.0 1311.2
P2722 0.33610779047 2174.4 1014.7 2149.1 1039.4 2134.1 1024.1 2159.4 999.4
P2722 0.30031555891 275.3 1199.6 275.3 1284.8 224.9 1284.8 224.9 1199.6
P2722 0.269976735115 1596.5 1096.8 1577.3 1105.0 1559.6 1066.9 1578.8 1058.7
P2722 0.25444856286 1847.5 1581.4 1831.0 1592.2 1820.3 1567.5 1836.8 1556.7
P2722 0.250075638294 421.7 2334.3 421.7 2377.5 397.9 2377.5 397.9 2334.3
P2722 0.232249900699 2621.2 268.4 2598.6 272.8 2583.3 232.9 2605.9 228.5
P2722 0.216396391392 1627.6 1292.5 1602.0 1313.8 1591.4 1297.4 1617.0 1276.1
P2722 0.195920646191 2883.7 198.3 2866.0 254.4 2841.4 254.5 2859.1 198.4
P2722 0.166231006384 3165.8 972.7 3165.8 999.7 3143.1 999.7 3143.1 972.7
P2722 0.162041738629 1437.7 499.8 1407.2 513.2 1398.5 497.1 1429.1 483.7
P2722 0.159397542477 2436.9 1008.1 2420.5 1019.9 2406.6 1002.5 2423.1 990.7
P2722 0.154232442379 1345.8 994.2 1345.8 1018.6 1314.4 1018.6 1314.4 994.2
P2722 0.149313181639 2645.4 1779.4 2627.9 1799.7 2613.9 1784.6 2631.4 1764.3
P2722 0.144000574946 953.8 1814.7 953.8 1829.4 930.0 1829.4 930.0 1814.7
P2722 0.136405229568 1056.4 709.9 1032.6 732.2 1019.7 709.8 1043.5 687.5
P2722 0.11699911207 2492.8 1852.6 2467.0 1848.4 2447.6 1767.3 2473.4 1771.5
P2722 0.116912558675 143.6 1557.3 143.6 1582.7 101.9 1582.7 101.9 1557.3
P2722 0.115684501827 1549.6 518.1 1520.7 529.3 1501.4 494.3 1530.3 483.0
P2722 0.113025978208 1894.6 775.3 1877.8 779.7 1868.7 757.6 1885.5 753.2
P2722 0.111434392631 1523.6 1072.6 1506.9 1084.5 1497.0 1067.9 1513.7 1056.0
P2722 0.110573418438 3586.0 1483.6 3586.0 1535.9 3545.8 1535.9 3545.8 1483.6
P0770 0.152882263064 1450.3 1086.1 1330.2 1246.7 1226.2 1169.3 1346.4 1008.6
P0770 0.136493638158 1271.4 964.9 1112.3 1178.3 937.1 1037.0 1096.1 823.7
P0770 0.124701708555 664.4 559.8 602.3 720.4 460.5 666.0 522.7 505.3
P1456 0.143347382545 2632.6 864.9 2632.6 1090.8 2451.0 1090.8 2451.0 864.9
P1456 0.131153076887 3094.2 1840.9 3094.2 2050.7 2889.1 2050.7 2889.1 1840.9
P1456 0.11532112211 2634.4 1047.6 2634.4 1276.2 2505.3 1276.2 2505.3 1047.6
P1456 0.113517031074 2957.9 981.0 2957.9 1126.3 2693.9 1126.3 2693.9 981.0
P1456 0.108740977943 2816.4 1805.7 2816.4 2070.0 2563.2 2070.0 2563.2 1805.7
P1456 0.107295788825 601.4 1482.7 601.4 1536.7 474.4 1536.7 474.4 1482.7
P1456 0.100692227483 2584.4 1342.6 2584.4 1573.3 2459.2 1573.3 2459.2 1342.6
P2539 0.112271733582 311.0 77.8 311.0 103.2 285.7 103.2 285.7 77.8
P2539 0.102063030005 1860.1 1841.1 1823.7 1849.3 1821.9 1834.2 1858.4 1826.0
P2539 0.100705452263 270.7 104.4 270.7 139.6 245.4 139.6 245.4 104.4
P1732 0.576010227203 3923.3 1274.5 3851.0 1301.5 3804.1 1122.7 3876.4 1095.6
P1732 0.572115600109 1293.6 1955.5 1222.1 2015.3 1111.2 1856.3 1182.8 1796.6
P1732 0.534865140915 1399.4 785.5 1335.8 851.0 1284.2 708.8 1347.8 643.3
P1732 0.235597625375 1412.5 2089.9 1353.7 2119.7 1318.6 2089.5 1377.5 2059.7
P1732 0.214853569865 3103.4 3456.2 3060.3 3482.6 3036.3 3427.0 3079.4 3400.6
P1732 0.126978367567 388.5 2019.3 333.6 2049.9 294.8 2000.8 349.6 1970.2
P5789 0.622041225433 14884.5 10610.5 14753.5 10684.1 14664.6 10595.3 14795.5 10521.7
P5789 0.552148342133 25570.6 6506.0 25420.4 6571.2 25346.8 6499.0 25497.0 6433.9
P5789 0.545781075954 9772.1 5092.2 9671.8 5127.3 9616.4 4936.8 9716.8 4901.7
P5789 0.522579312325 18970.4 3186.7 18822.2 3232.9 18770.0 3154.5 18918.2 3108.3
P5789 0.482335209846 27378.5 20825.6 27302.6 20844.5 27257.4 20636.2 27333.3 20617.4
P5789 0.461049616337 14644.2 6432.9 14551.9 6446.7 14512.0 6235.5 14604.3 6221.6
P5789 0.45697671175 13604.7 587.4 13526.2 620.4 13447.6 393.0 13526.1 360.0
P5789 0.417169749737 27614.5 10190.6 27495.1 10245.8 27437.9 10190.0 27557.3 10134.7
P5789 0.403532743454 19888.8 9961.7 19794.1 10021.3 19724.0 9827.0 19818.7 9767.4
P5789 0.386447638273 21064.1 15088.5 20968.1 15122.1 20916.6 14931.6 21012.6 14898.1
P5789 0.379602789879 17619.8 9985.5 17501.5 10029.7 17448.4 9970.3 17566.6 9926.1
P5789 0.374437272549 29225.6 5240.6 29178.0 5247.4 29154.7 5099.4 29202.3 5092.6
P5789 0.363142848015 16861.1 10452.9 16780.5 10517.7 16734.9 10399.4 16815.4 10334.6
P5789 0.358514547348 26346.6 10521.3 26319.5 10615.4 26273.9 10595.5 26300.9 10501.4
P5789 0.35217115283 22121.4 685.6 22021.4 734.1 21971.0 662.5 22071.0 614.0
P5789 0.347139954567 19791.6 20766.1 19706.0 20795.2 19636.7 20566.3 19722.3 20537.2
P5789 0.333814114332 12720.8 7966.7 12576.9 8096.0 12484.0 7981.4 12627.9 7852.0
P5789 0.307457119226 23544.6 25099.9 23460.5 25124.7 23420.1 24944.5 23504.1 24919.7
P5789 0.281745314598 24124.5 27289.6 24000.7 27372.4 23920.3 27282.1 24044.1 27199.3
P5789 0.278297841549 16978.5 18335.6 16903.2 18375.2 16857.5 18205.5 16932.8 18165.9
P5789 0.277464836836 15362.7 12554.3 15229.9 12614.3 15161.4 12529.8 15294.2 12469.9
P5789 0.263013005257 14733.6 13597.8 14655.4 13625.3 14606.1 13501.6 14684.3 13474.1
P5789 0.254787683487 29199.3 1511.0 29199.3 1549.5 29140.6 1549.5 29140.6 1511.0
P5789 0.249789118767 26495.1 10080.5 26471.4 10084.6 26461.4 10043.2 26485.1 10039.1
P5789 0.247162550688 2985.0 23237.7 2953.4 23261.4 2938.3 23213.1 2969.9 23189.4
P5789 0.240422457457 20302.4 21990.8 20302.4 22117.6 20213.8 22117.6 20213.8 21990.8
P5789 0.218376174569 26261.7 20812.7 26204.1 20828.0 26166.3 20680.7 26224.0 20665.4
P5789 0.210118040442 25528.9 6504.9 25513.5 6526.4 25492.7 6513.7 25508.1 6492.1
P5789 0.171879097819 17134.0 6670.6 17098.2 6765.9 17053.4 6709.1 17089.2 6613.8
P5789 0.163312405348 26470.4 7568.9 26470.4 7611.8 26389.2 7611.8 26389.2 7568.9
P5789 0.15931789577 28036.7 14501.2 28014.5 14509.6 27999.9 14470.4 28022.2 14462.0
P5789 0.154813706875 7926.6 391.5 7780.8 481.3 7685.6 396.5 7831.4 306.8
P5789 0.13157390058 16322.4 16753.3 16322.4 16931.4 16226.0 16931.4 16226.0 16753.3
P5789 0.131190761924 25543.4 12529.6 25543.4 12617.9 25492.1 12617.9 25492.1 12529.6
P5789 0.130831480026 27620.0 15514.7 27556.1 15538.5 27520.1 15504.8 27584.0 15480.9
P5789 0.12947447598 13588.4 8052.3 13561.2 8067.8 13543.4 8032.0 13570.6 8016.4
P5789 0.126782745123 17499.9 10994.9 17499.9 11129.3 17336.8 11129.3 17336.8 10994.9
P5789 0.122409135103 29208.1 10555.6 29208.1 10607.5 29171.4 10607.5 29171.4 10555.6
P5789 0.121671900153 21107.3 15099.4 21086.5 15108.6 21074.6 15072.8 21095.4 15063.6
P5789 0.118969917297 28693.3 6563.4 28693.3 6616.9 28606.2 6616.9 28606.2 6563.4
P5789 0.118605732918 23405.6 5786.4 23375.5 5803.1 23357.4 5738.2 23387.6 5721.5
P5789 0.116836667061 26295.1 21565.2 26220.0 21578.4 26180.7 21398.2 26255.8 21385.0
P5789 0.115899018943 21733.1 17043.7 21662.4 17080.4 21606.6 17015.9 21677.3 16979.2
P5789 0.11558239907 18959.7 11559.5 18959.7 11620.4 18868.1 11620.4 18868.1 11559.5
P5789 0.114621005952 10880.2 3089.5 10854.7 3113.3 10828.5 3089.4 10854.0 3065.6
P5789 0.114505164325 26570.1 13029.6 26570.1 13110.4 26489.3 13110.4 26489.3 13029.6
P5789 0.113597385585 28644.9 9731.4 28644.9 9792.8 28607.5 9792.8 28607.5 9731.4
P5789 0.11353212595 17244.2 9818.8 17197.7 9852.5 17128.2 9689.4 17174.7 9655.7
P5789 0.112644731998 28035.0 14576.5 27936.9 14598.0 27920.2 14492.1 28018.3 14470.6
P5789 0.111800849438 27121.5 20066.4 27121.5 20113.4 27001.7 20113.4 27001.7 20066.4
P5789 0.106448180974 29166.3 5203.3 29132.4 5205.8 29125.3 5169.1 29159.3 5166.6
P5789 0.105562932789 5186.1 20899.6 5088.4 20956.2 4969.9 20842.0 5067.6 20785.5
P5789 0.102876782417 24401.9 21545.1 24401.9 21626.9 24265.7 21626.9 24265.7 21545.1
P5789 0.102124765515 25535.6 20031.5 25535.6 20100.6 25484.0 20100.6 25484.0 20031.5
P5789 0.100691854954 27520.3 19082.0 27520.3 19098.8 27498.1 19098.8 27498.1 19082.0
P2375 0.150447413325 869.1 1083.5 815.3 1117.5 782.8 1040.3 836.6 1006.3
P2375 0.144271850586 921.3 615.6 828.8 643.7 786.8 533.2 879.4 505.0
P2375 0.142885625362 834.4 857.1 834.4 954.6 745.8 954.6 745.8 857.1
P2375 0.119391605258 1432.0 16.0 1407.2 23.7 1399.4 3.3 1424.2 -4.5
P2375 0.111322283745 1020.9 2074.5 977.9 2094.0 969.9 2073.5 1012.9 2054.0
P2375 0.100245416164 1298.1 1000.2 1292.2 1023.5 1259.9 1012.3 1265.8 989.1
P1666 0.124428793788 3434.4 2993.6 3434.4 3025.4 3393.5 3025.4 3393.5 2993.6
P1666 0.114406906068 1831.3 238.6 1798.9 244.1 1780.4 141.6 1812.8 136.0
P2404 0.532753109932 3164.2 735.2 3093.3 749.2 3064.4 589.9 3135.2 575.8
P2404 0.217537462711 2176.1 680.3 2161.0 718.6 2092.5 691.5 2107.5 653.2
P2404 0.164597734809 3987.0 4000.1 3979.0 4064.8 3945.0 4058.7 3953.0 3994.0
P2404 0.147218599916 3178.5 528.9 3178.5 603.7 3145.5 603.7 3145.5 528.9
P2404 0.146830990911 3112.9 567.1 3112.9 612.1 3058.0 612.1 3058.0 567.1
P2404 0.134314417839 2107.7 654.0 2107.7 709.7 2072.4 709.7 2072.4 654.0
P2404 0.120601609349 5140.9 3572.8 5078.0 3684.6 5015.9 3618.4 5078.7 3506.6
P2404 0.117657445371 4618.9 3522.0 4590.0 3553.1 4544.8 3526.4 4573.8 3495.3
P2404 0.114915080369 1606.5 1560.0 1606.5 1595.7 1572.7 1595.7 1572.7 1560.0
P2404 0.109705105424 4103.8 1561.0 4103.8 1610.8 4077.4 1610.8 4077.4 1561.0
P2404 0.108599953353 3318.1 3538.0 3256.4 3633.6 3222.5 3607.2 3284.2 3511.6
P2404 0.103904575109 4199.4 4083.6 4145.5 4095.2 4132.1 4064.4 4186.0 4052.9
P2404 0.102786466479 1065.1 2551.3 1032.5 2576.9 1003.0 2557.3 1035.5 2531.7
P1474 0.216773927212 1858.1 2496.2 1858.1 2651.8 1722.0 2651.8 1722.0 2496.2
P1474 0.102565199137 2026.9 2496.3 2026.9 2507.5 2008.0 2507.5 2008.0 2496.3
P1432 0.413309931755 1743.0 900.2 1743.0 1120.1 1581.3 1120.1 1581.3 900.2
P1432 0.379168957472 338.9 2919.4 227.3 2952.6 152.6 2708.4 264.2 2675.1
P1432 0.306526273489 1609.9 2488.8 1609.9 2594.9 1529.4 2594.9 1529.4 2488.8
P1432 0.121910087764 2110.9 4185.5 2110.9 4270.4 2044.8 4270.4 2044.8 4185.5
P1432 0.118748545647 2917.2 1495.1 2917.2 1572.3 2796.3 1572.3 2796.3 1495.1
P1432 0.115025006235 2991.3 1953.3 2991.3 2066.3 2849.8 2066.3 2849.8 1953.3
P1384 0.162097141147 615.7 5500.5 615.7 5605.3 483.7 5605.3 483.7 5500.5
P1384 0.114950232208 2124.1 821.1 2124.1 982.6 2023.1 982.6 2023.1 821.1
P1384 0.111509971321 1621.0 279.5 1569.7 440.1 1469.6 394.8 1520.9 234.2
P1384 0.108675613999 2112.1 594.2 2112.1 785.5 2043.6 785.5 2043.6 594.2
P1384 0.101315096021 2102.0 573.3 2102.0 606.6 2069.5 606.6 2069.5 573.3
P1384 0.100214734674 1400.5 288.4 1366.2 342.0 1315.4 307.5 1349.7 253.9
P2374 0.233282417059 1718.5 759.8 1670.5 800.3 1581.8 772.2 1629.9 731.6
P2374 0.102956525981 1434.9 561.2 1434.9 587.0 1408.6 587.0 1408.6 561.2
P2374 0.102015338838 574.8 1084.5 574.8 1291.3 444.8 1291.3 444.8 1084.5
P2718 0.524859428406 2010.1 2126.6 1977.4 2145.0 1946.0 2123.9 1978.7 2105.5
P2718 0.411484032869 2020.6 2129.5 2003.6 2149.7 1990.5 2127.3 2007.5 2107.0
P2718 0.378631412983 2037.5 1709.4 2006.1 1728.7 1983.9 1654.5 2015.3 1635.3
P2718 0.343293726444 609.0 1216.3 609.0 1267.8 579.3 1267.8 579.3 1216.3
P2718 0.294374138117 2760.8 1642.9 2712.9 1688.8 2683.6 1664.4 2731.5 1618.5
P2718 0.289558321238 3153.0 1285.4 3126.6 1299.2 3115.4 1237.9 3141.7 1224.1
P2718 0.269208729267 546.2 893.7 546.2 917.4 506.8 917.4 506.8 893.7
P2718 0.25404843688 3045.4 1542.5 3035.1 1563.4 3022.5 1558.5 3032.8 1537.6
P2718 0.2499114573 1300.2 1480.0 1300.2 1539.6 1167.4 1539.6 1167.4 1480.0
P2718 0.245847910643 2643.8 1546.2 2643.8 1569.6 2615.7 1569.6 2615.7 1546.2
P2718 0.24102525413 1239.7 1138.3 1228.2 1158.2 1157.1 1115.7 1168.6 1095.7
P2718 0.221957817674 2469.6 446.5 2469.6 471.1 2439.7 471.1 2439.7 446.5
P2718 0.209767267108 1092.3 1355.0 1092.3 1385.0 1071.2 1385.0 1071.2 1355.0
P2718 0.195403680205 2661.6 1406.1 2661.6 1422.8 2629.5 1422.8 2629.5 1406.1
P2718 0.185982137918 1283.8 582.6 1276.5 610.3 1241.3 605.6 1248.6 577.9
P2718 0.175881177187 1560.3 106.1 1560.3 178.1 1523.1 178.1 1523.1 106.1
P2718 0.169835850596 2342.8 127.2 2342.8 149.9 2300.8 149.9 2300.8 127.2
P2718 0.164886757731 3395.5 1573.5 3395.5 1598.1 3377.5 1598.1 3377.5 1573.5
P2718 0.154866859317 4494.4 145.5 4479.0 166.8 4430.5 137.7 4446.0 116.4
P2718 0.147952705622 3894.4 946.2 3894.4 970.9 3837.6 970.9 3837.6 946.2
P2718 0.139859542251 1949.0 2029.7 1938.2 2086.7 1919.1 2086.2 1929.8 2029.2
P2718 0.130124852061 3026.9 1506.4 3026.9 1529.9 3000.0 1529.9 3000.0 1506.4
P2718 0.129094004631 1601.1 2.7 1601.1 18.2 1570.5 18.2 1570.5 2.7
P2718 0.128546848893 1302.1 1166.5 1287.6 1180.5 1269.9 1165.9 1284.4 1151.9
P2718 0.126066446304 4245.4 516.3 4220.2 529.1 4208.1 502.8 4233.2 489.9
P2718 0.125088468194 4114.0 1689.4 4114.0 1730.3 4057.8 1730.3 4057.8 1689.4
P2718 0.124784335494 609.4 553.3 594.3 570.8 571.3 547.7 586.4 530.1
P2718 0.114868707955 1513.8 800.3 1513.8 820.5 1489.5 820.5 1489.5 800.3
P2718 0.112413734198 4221.9 2343.0 4214.1 2351.1 4197.9 2337.3 4205.7 2329.2
P2718 0.111955963075 2521.7 4.5 2521.7 16.6 2482.3 16.6 2482.3 4.5
P2718 0.111617773771 1467.1 610.1 1467.1 633.2 1425.2 633.2 1425.2 610.1
P2718 0.111440144479 585.8 1203.7 585.8 1264.5 522.1 1264.5 522.1 1203.7
P2718 0.105979926884 2024.5 2090.1 2024.5 2108.7 1995.3 2108.7 1995.3 2090.1
P2718 0.104330271482 3017.4 1617.5 3005.4 1629.6 2997.1 1618.8 3009.0 1606.7
P2718 0.10419883579 1110.1 2040.5 1110.1 2051.2 1084.9 2051.2 1084.9 2040.5
P2718 0.103483043611 4239.3 2332.9 4227.4 2346.7 4206.3 2331.2 4218.2 2317.4
P2718 0.102870985866 4136.1 566.4 4119.3 580.5 4084.7 566.7 4101.6 552.6
P2718 0.101428337395 3746.5 2276.3 3741.3 2284.0 3721.8 2267.3 3727.0 2259.7
P2718 0.100773900747 885.1 1088.9 885.1 1108.0 856.0 1108.0 856.0 1088.9
P1518 0.392639219761 243.2 2841.7 223.4 2903.9 184.4 2883.1 204.2 2821.0
P1518 0.343959003687 3851.2 1355.5 3813.0 1375.4 3793.6 1353.6 3831.9 1333.8
P1518 0.270523190498 2321.6 512.2 2291.3 534.3 2266.9 492.1 2297.3 470.0
P1518 0.198625534773 261.3 3542.8 162.9 3584.3 118.9 3437.7 217.2 3396.2
P1518 0.143937036395 3572.2 1399.3 3528.2 1425.0 3504.6 1388.0 3548.7 1362.2
P1518 0.137149840593 1440.9 2807.6 1432.3 2821.5 1418.9 2805.3 1427.5 2791.4
P1518 0.135358512402 3145.2 720.6 3018.6 745.2 2979.0 699.9 3105.5 675.2
P1518 0.113106258214 1759.4 2423.4 1759.4 2468.7 1716.3 2468.7 1716.3 2423.4
P1518 0.103103905916 329.1 3049.3 329.1 3130.4 202.2 3130.4 202.2 3049.3
P2547 0.240401849151 929.0 1833.6 929.0 1898.7 834.2 1898.7 834.2 1833.6
P1584 0.510654449463 2661.0 4100.8 2571.0 4128.7 2519.3 3944.1 2609.3 3916.2
P1584 0.495847195387 1886.5 3635.2 1752.3 3721.1 1654.6 3625.7 1788.8 3539.8
P1584 0.254545003176 558.3 42.7 514.8 86.6 468.9 58.1 512.5 14.1
P1584 0.190302789211 425.7 3098.8 354.9 3126.0 313.7 3080.2 384.6 3053.0
P1584 0.155966117978 2515.0 4138.1 2487.7 4147.5 2473.9 4112.9 2501.2 4103.5
P1584 0.133281707764 4127.2 534.5 4127.2 637.7 3932.4 637.7 3932.4 534.5
P1584 0.123444505036 1287.3 3936.7 1287.3 4091.1 1180.3 4091.1 1180.3 3936.7
P1584 0.11347117275 3519.1 2109.1 3519.1 2190.1 3453.2 2190.1 3453.2 2109.1
P1240 0.462177157402 2213.6 1833.3 2150.1 1910.7 2110.8 1858.6 2174.3 1781.2
P1240 0.35742738843 1833.0 2872.0 1773.9 2922.4 1691.1 2884.4 1750.2 2834.0
P1240 0.285341799259 2557.2 1828.3 2439.8 1882.6 2351.3 1663.7 2468.8 1609.4
P1240 0.226028829813 1528.2 2343.2 1430.1 2433.1 1387.3 2405.2 1485.3 2315.2
P1240 0.148200809956 3618.2 587.3 3579.6 621.7 3504.9 576.5 3543.5 542.1
P1240 0.120429769158 250.1 1306.1 236.4 1318.0 210.5 1290.4 224.2 1278.5
P2502 0.567547738552 603.3 1785.0 536.4 1866.3 386.6 1803.6 453.5 1722.3
P2502 0.52648460865 402.7 436.8 320.7 574.9 209.9 519.1 291.9 381.0
P2502 0.495700061321 698.9 579.7 591.5 593.9 545.3 369.0 652.7 354.7
P2502 0.462895870209 598.9 113.4 504.0 196.1 374.2 50.1 469.1 -32.6
P2502 0.252331972122 712.9 1854.2 659.8 1893.4 594.2 1860.9 647.2 1821.8
P2502 0.213067606091 2230.5 2114.1 2191.1 2160.1 2093.4 2089.1 2132.8 2043.1
P2502 0.135565936565 2107.3 459.3 2090.6 482.6 2079.7 472.5 2096.5 449.3
P2502 0.121851101518 599.9 494.4 599.9 533.3 579.1 533.3 579.1 494.4
P2502 0.114770613611 470.5 614.2 454.6 642.2 420.8 621.3 436.7 593.3
P2502 0.100688636303 1021.4 1950.9 1021.4 2005.3 997.7 2005.3 997.7 1950.9
P1604 0.456725656986 2233.4 2016.2 2135.9 2035.0 2066.5 1780.2 2164.0 1761.4
P1604 0.246839627624 3098.7 1437.5 3039.1 1464.5 3009.5 1422.9 3069.0 1395.9
P1604 0.14290329814 343.4 1361.0 286.3 1373.7 268.2 1340.3 325.3 1327.6
P1604 0.135581552982 4013.4 2793.7 3947.4 2809.0 3926.6 2715.0 3992.6 2699.7
P1604 0.130770012736 1608.4 2109.5 1608.4 2182.7 1531.0 2182.7 1531.0 2109.5
P1604 0.115777947009 3925.3 3601.0 3881.3 3608.9 3870.2 3548.1 3914.2 3540.2
P1604 0.115736074746 1345.8 3978.0 1311.2 4013.5 1273.7 3945.5 1308.3 3910.0
P1604 0.115012183785 2200.7 1988.4 2200.7 2030.3 2138.6 2030.3 2138.6 1988.4
P1604 0.103888958693 2915.1 521.3 2829.9 541.3 2800.8 498.5 2885.9 478.5
P8666 0.10477925837 580.3 519.0 580.3 595.9 502.9 595.9 502.9 519.0
P2768 0.264536350965 880.8 1837.3 880.8 2072.9 683.5 2072.9 683.5 1837.3
P2768 0.180298417807 912.5 1999.3 912.5 2031.2 893.1 2031.2 893.1 1999.3
P2768 0.162133470178 298.8 1912.8 298.8 1988.1 272.3 1988.1 272.3 1912.8
P2768 0.144145920873 912.1 2060.2 912.1 2090.3 893.4 2090.3 893.4 2060.2
P2768 0.122968427837 911.6 1749.9 911.6 1800.5 878.0 1800.5 878.0 1749.9
P2768 0.114582754672 912.7 1906.9 912.7 1937.7 894.1 1937.7 894.1 1906.9
P2768 0.114384129643 1054.7 1062.0 1054.7 1079.4 1029.8 1079.4 1029.8 1062.0
P2768 0.102404661477 913.5 1849.8 913.5 1883.5 893.4 1883.5 893.4 1849.8
P1529 0.528280079365 139.6 2571.4 51.8 2597.7 -6.9 2385.7 80.9 2359.4
P1529 0.163307100534 1652.4 730.8 1511.6 836.2 1391.6 672.0 1532.4 566.6
P1529 0.14852887392 1970.5 3959.1 1929.7 3973.3 1905.3 3892.8 1946.2 3878.6
P1529 0.137062713504 1258.9 1100.2 1188.2 1129.6 1136.8 959.8 1207.5 930.4
P1529 0.104129828513 1580.0 600.7 1501.8 632.5 1488.5 603.5 1566.8 571.6
P2724 0.581095397472 2510.1 2046.0 2510.1 2126.2 2462.8 2126.2 2462.8 2046.0
P2724 0.509062469006 1613.0 1749.7 1581.3 1765.9 1552.1 1702.1 1583.8 1685.9
P2724 0.447701007128 1618.8 1496.0 1567.4 1545.0 1536.1 1516.9 1587.5 1467.9
P2724 0.387352496386 1142.7 832.8 1132.4 841.9 1110.6 820.9 1120.8 811.8
P2724 0.370436280966 2390.2 2081.5 2371.4 2097.4 2357.8 2067.1 2376.6 2051.3
P2724 0.359277188778 1126.0 980.4 1126.0 1023.6 1100.0 1023.6 1100.0 980.4
P2724 0.271571606398 3068.7 1895.3 3039.5 1900.2 3032.2 1875.8 3061.4 1870.9
P2724 0.247569352388 1976.9 1650.1 1965.4 1677.9 1948.0 1667.2 1959.5 1639.4
P2724 0.232270941138 1744.5 952.7 1744.5 987.6 1707.5 987.6 1707.5 952.7
P2724 0.21904411912 3930.7 235.9 3893.0 241.2 3889.8 223.0 3927.5 217.7
P2724 0.207691296935 3560.6 924.3 3556.0 939.9 3500.1 928.5 3504.7 913.0
P2724 0.207287982106 3041.7 1031.8 3025.6 1032.9 3020.7 1005.8 3036.9 1004.8
P2724 0.206156209111 3154.1 1916.5 3124.1 1924.7 3106.6 1896.1 3136.6 1887.9
P2724 0.190467387438 472.7 569.1 472.7 578.5 426.8 578.5 426.8 569.1
P2724 0.170765206218 1939.9 1247.9 1925.4 1272.3 1904.7 1261.1 1919.2 1236.7
P2724 0.168563365936 1917.2 1288.9 1900.7 1294.8 1886.6 1275.4 1903.1 1269.6
P2724 0.166775465012 2056.1 1228.7 2040.1 1235.8 2027.2 1216.9 2043.1 1209.7
P2724 0.162907496095 1518.3 498.2 1518.3 521.6 1493.0 521.6 1493.0 498.2
P2724 0.155159279704 2152.6 1697.9 2152.6 1715.0 2130.0 1715.0 2130.0 1697.9
P2724 0.144833132625 2026.1 46.6 2026.1 92.7 1969.8 92.7 1969.8 46.6
P2724 0.143998727202 3776.4 1427.8 3776.4 1464.7 3770.8 1464.7 3770.8 1427.8
P2724 0.141158953309 1024.4 482.2 1024.4 498.1 994.4 498.1 994.4 482.2
P2724 0.140231788158 1550.9 559.9 1550.9 595.8 1493.2 595.8 1493.2 559.9
P2724 0.139270529151 1590.2 797.6 1590.2 821.6 1566.0 821.6 1566.0 797.6
P2724 0.136617034674 1401.0 1004.8 1385.4 1014.1 1378.8 1007.2 1394.3 997.9
P2724 0.132618397474 1540.5 2145.5 1540.5 2177.6 1504.1 2177.6 1504.1 2145.5
P2724 0.131365180016 1087.5 1674.3 1062.8 1682.6 1052.7 1650.6 1077.4 1642.3
P2724 0.130500808358 1282.4 436.5 1282.4 457.0 1250.6 457.0 1250.6 436.5
P2724 0.128617614508 1929.4 1428.5 1929.4 1456.4 1907.4 1456.4 1907.4 1428.5
P2724 0.127865284681 1280.1 455.9 1273.4 472.8 1251.2 468.8 1257.9 451.9
P2724 0.127255454659 3069.5 1011.0 3069.5 1034.1 3046.9 1034.1 3046.9 1011.0
P2724 0.116840220988 569.0 441.5 569.0 489.8 533.2 489.8 533.2 441.5
P2724 0.11535872519 3821.3 1577.3 3821.3 1602.4 3782.2 1602.4 3782.2 1577.3
P2724 0.110896587372 2457.1 2078.1 2457.1 2117.6 2443.6 2117.6 2443.6 2078.1
P2724 0.109908394516 1840.3 572.1 1840.3 601.2 1820.6 601.2 1820.6 572.1
P2724 0.107521049678 3596.1 636.9 3596.1 671.1 3576.3 671.1 3576.3 636.9
P2724 0.106816157699 2533.2 463.9 2533.2 483.5 2503.2 483.5 2503.2 463.9
P2724 0.101494409144 1248.6 1559.3 1234.8 1573.6 1221.4 1564.4 1235.2 1550.1
P9997 0.15116302669 1714.6 20.5 1691.0 35.1 1674.8 6.5 1698.3 -8.0
P1386 0.156353145838 2141.2 3190.7 2061.0 3257.2 2013.9 3196.5 2094.2 3130.0
P1386 0.150284737349 3555.1 3343.7 3485.9 3358.7 3464.3 3228.5 3533.4 3213.4
P1386 0.142321571708 538.1 1952.9 468.7 2021.8 409.6 1953.2 479.0 1884.3
P1386 0.113528549671 300.2 2698.1 215.2 2748.1 159.0 2609.2 244.0 2559.2
P1386 0.105430200696 1132.6 1833.5 1083.3 1936.0 1000.1 1889.4 1049.4 1786.9
P1386 0.103812046349 3934.7 3026.9 3866.8 3093.6 3797.0 2991.7 3864.8 2925.0
P1750 0.231301143765 581.8 3388.7 581.8 3430.0 517.6 3430.0 517.6 3388.7
P2714 0.563102424145 4236.7 1513.8 4211.6 1537.0 4167.6 1491.1 4192.7 1468.0
P2714 0.479522973299 3985.3 1010.5 3985.3 1064.4 3947.7 1064.4 3947.7 1010.5
P2714 0.410643219948 384.5 1411.2 365.2 1415.2 350.1 1377.7 369.5 1373.7
P2714 0.410360604525 2266.2 1987.0 2266.2 2028.2 2241.0 2028.2 2241.0 1987.0
P2714 0.401140630245 2245.3 540.5 2245.3 599.3 2214.5 599.3 2214.5 540.5
P2714 0.386144697666 1263.6 1631.6 1263.6 1684.3 1235.3 1684.3 1235.3 1631.6
P2714 0.37425711751 1869.8 2409.6 1855.3 2426.5 1829.3 2406.9 1843.8 2389.9
P2714 0.373461276293 1499.2 2212.4 1499.2 2244.1 1456.9 2244.1 1456.9 2212.4
P2714 0.36134198308 3288.4 1478.8 3275.2 1513.4 3257.2 1501.7 3270.4 1467.1
P2714 0.321777582169 3594.6 1136.6 3571.9 1142.7 3560.8 1091.9 3583.5 1085.8
P2714 0.308349579573 473.6 1202.8 473.6 1264.0 451.7 1264.0 451.7 1202.8
P2714 0.280572652817 1204.4 1676.1 1192.9 1697.9 1175.6 1689.2 1187.1 1667.4
P2714 0.277834445238 827.1 2179.7 827.1 2195.2 792.4 2195.2 792.4 2179.7
P2714 0.27612644434 1342.3 1965.2 1342.3 1999.4 1318.0 1999.4 1318.0 1965.2
P2714 0.274970501661 522.3 1718.7 522.3 1757.6 496.5 1757.6 496.5 1718.7
P2714 0.24004137516 2478.2 2361.1 2478.2 2398.9 2455.2 2398.9 2455.2 2361.1
P2714 0.226717412472 2089.9 1857.9 2089.9 1881.8 2041.7 1881.8 2041.7 1857.9
P2714 0.221839651465 4368.8 1043.2 4358.7 1071.2 4333.1 1066.0 4343.2 1038.0
P2714 0.210402458906 3615.2 1572.2 3605.0 1599.0 3586.9 1593.6 3597.0 1566.8
P2714 0.20894561708 458.5 94.3 458.5 141.5 425.5 141.5 425.5 94.3
P2714 0.204130381346 833.7 2031.2 833.7 2048.4 802.3 2048.4 802.3 2031.2
P2714 0.204066082835 566.2 1164.4 566.2 1183.1 525.5 1183.1 525.5 1164.4
P2714 0.196693941951 4255.6 2294.6 4255.6 2337.3 4229.9 2337.3 4229.9 2294.6
P2714 0.192842155695 932.4 455.6 906.5 458.7 896.6 411.8 922.5 408.8
P2714 0.191120028496 3766.5 870.5 3748.4 905.2 3724.6 895.3 3742.6 860.6
P2714 0.186446174979 3697.7 4.8 3697.7 23.3 3658.0 23.3 3658.0 4.8
P2714 0.184090554714 1137.7 1739.9 1127.8 1775.8 1106.8 1769.9 1116.8 1734.0
P2714 0.182413175702 3022.9 589.8 3022.9 613.3 2995.5 613.3 2995.5 589.8
P2714 0.180614292622 2080.0 1585.5 2080.0 1610.0 2035.4 1610.0 2035.4 1585.5
P2714 0.174775227904 4310.6 1716.6 4297.0 1734.4 4273.2 1710.7 4286.8 1692.9
P2714 0.166891992092 3109.6 1004.3 3066.0 1033.6 3053.4 1015.4 3097.0 986.1
P2714 0.162663176656 4454.2 1570.1 4454.2 1587.1 4430.8 1587.1 4430.8 1570.1
P2714 0.162335664034 4487.5 2188.0 4471.1 2191.2 4465.2 2164.8 4481.6 2161.6
P2714 0.15963499248 2486.4 440.3 2486.4 458.7 2453.7 458.7 2453.7 440.3
P2714 0.15468852222 999.4 1549.7 999.4 1582.7 981.4 1582.7 981.4 1549.7
P2714 0.153289049864 3229.8 1640.8 3210.4 1657.3 3198.2 1642.7 3217.5 1626.2
P2714 0.148893684149 1087.5 731.4 1087.5 745.3 1052.7 745.3 1052.7 731.4
P2714 0.142373219132 2459.5 527.4 2459.5 555.6 2440.6 555.6 2440.6 527.4
P2714 0.137331426144 4544.6 2144.8 4544.6 2215.7 4509.5 2215.7 4509.5 2144.8
P2714 0.134953483939 4425.1 969.5 4425.1 1010.4 4381.0 1010.4 4381.0 969.5
P2714 0.129724934697 1055.7 1553.2 1041.0 1584.2 1027.0 1578.0 1041.8 1547.1
P2714 0.128740876913 2379.8 1071.3 2379.8 1108.3 2327.4 1108.3 2327.4 1071.3
P2714 0.121806770563 1837.7 2432.5 1829.1 2445.6 1806.6 2432.8 1815.2 2419.8
P2714 0.121683932841 2580.4 81.0 2580.4 115.3 2562.2 115.3 2562.2 81.0
P2714 0.119782879949 3754.7 158.2 3754.7 205.5 3713.3 205.5 3713.3 158.2
P2714 0.118957772851 3224.4 1567.3 3224.4 1588.4 3155.6 1588.4 3155.6 1567.3
P2714 0.118643686175 3927.1 440.0 3927.1 475.5 3876.6 475.5 3876.6 440.0
P2714 0.116632722318 1611.6 2177.1 1611.6 2189.9 1591.1 2189.9 1591.1 2177.1
P2714 0.113845720887 1225.4 1644.0 1225.5 1662.0 1178.0 1656.7 1177.9 1638.7
P2714 0.113118164241 2868.7 92.9 2868.7 143.0 2838.9 143.0 2838.9 92.9
P2714 0.112922042608 2004.3 267.6 2004.3 288.9 1983.5 288.9 1983.5 267.6
P2714 0.112769365311 1119.2 1729.1 1115.4 1765.1 1092.2 1763.6 1096.0 1727.6
P2714 0.112005114555 2081.5 2254.0 2081.5 2274.0 2058.4 2274.0 2058.4 2254.0
P2714 0.110363259912 2097.9 2024.0 2066.9 2030.8 2064.5 2016.5 2095.5 2009.7
P2714 0.108006708324 2861.3 73.9 2861.3 89.9 2830.1 89.9 2830.1 73.9
P2714 0.107564948499 3190.8 1873.1 3190.8 1934.9 3069.2 1934.9 3069.2 1873.1
P2714 0.106194086373 2258.9 1824.2 2244.1 1842.8 2232.0 1834.9 2246.8 1816.3
P2714 0.104867354035 2621.5 60.6 2621.5 78.6 2589.3 78.6 2589.3 60.6
P2714 0.100282281637 2598.2 2070.0 2598.2 2090.5 2573.3 2090.5 2573.3 2070.0
P9169 0.102301992476 476.9 783.8 476.9 820.5 431.0 820.5 431.0 783.8
P7464 0.121843084693 899.6 621.1 891.6 644.0 864.6 639.0 872.5 616.1
P1269 0.486055135727 2579.2 1586.5 2502.1 1694.8 2441.1 1649.9 2518.2 1541.7
P1693 0.416516959667 3294.2 364.2 3182.6 528.0 3063.6 423.3 3175.2 259.4
P1693 0.405237287283 1518.1 2753.2 1431.2 2772.6 1349.9 2514.8 1436.7 2495.3
P1693 0.113417051733 1113.2 2017.8 1021.8 2053.5 978.7 2002.1 1070.1 1966.3
P4183 0.277675539255 486.0 225.9 468.7 238.4 439.7 219.3 457.0 206.8
P2241 0.140418753028 227.5 264.1 161.6 299.3 111.9 212.4 177.8 177.3
P2394 0.31071382761 1041.1 45.0 1041.1 80.2 1020.4 80.2 1020.4 45.0
P2394 0.177390038967 1168.8 26.9 1128.0 58.6 1091.0 25.4 1131.9 -6.3
P2394 0.106150649488 1668.7 37.1 1655.7 52.5 1641.4 40.3 1654.3 24.9
P2378 0.612382411957 602.5 881.8 514.2 952.2 402.9 859.9 491.2 789.5
P6661 0.21004396677 1021.4 284.7 1021.4 326.4 983.5 326.4 983.5 284.7
P6661 0.162318214774 1014.7 3.9 1014.7 31.0 989.9 31.0 989.9 3.9
P6661 0.139117777348 88.1 608.1 66.5 610.3 60.1 587.8 81.7 585.6
P6661 0.133532077074 54.0 713.3 39.7 719.5 23.9 691.6 38.1 685.4
P2758 0.22063061595 588.5 418.4 528.0 443.4 471.3 265.0 531.7 239.9
P1596 0.589835345745 647.2 1916.1 556.3 2004.3 438.0 1879.7 528.9 1791.4
P1596 0.136357724667 1380.5 1632.6 1380.5 1691.3 1319.6 1691.3 1319.6 1632.6
P2766 0.138319030404 4453.2 5173.0 4453.2 5254.5 4422.9 5254.5 4422.9 5173.0
P2766 0.109532035887 2829.6 2388.6 2829.6 2479.7 2734.8 2479.7 2734.8 2388.6
P2766 0.107835069299 5040.4 678.3 5040.4 692.9 4987.2 692.9 4987.2 678.3
P1598 0.160777002573 3187.8 2738.4 3119.7 2779.2 3079.6 2722.8 3147.8 2682.0
P1598 0.124925449491 2047.7 1647.2 2031.2 1655.3 2021.1 1629.1 2037.7 1621.0
P1598 0.12357494235 3633.0 2151.0 3600.2 2169.8 3587.2 2140.8 3620.1 2122.0
P1471 0.207537770271 2452.4 852.0 2452.4 1136.1 2247.8 1136.1 2247.8 852.0
P1471 0.131011411548 2589.7 484.7 2589.7 583.4 2510.1 583.4 2510.1 484.7
P1471 0.106928102672 763.5 2035.6 763.5 2144.1 608.0 2144.1 608.0 2035.6
P1581 0.168721854687 4077.6 3894.7 4039.9 3915.0 4007.5 3870.4 4045.2 3850.2
P1581 0.115174673498 2951.6 1518.3 2879.5 1557.4 2828.0 1365.8 2900.1 1326.7
P1581 0.108598299325 230.5 3041.3 68.5 3073.4 29.3 3002.7 191.3 2970.5
P1581 0.108252987266 1108.6 3339.1 1108.6 3392.6 1046.2 3392.6 1046.2 3339.1
P8656 0.126261755824 2160.1 1706.4 2089.3 1803.3 2013.3 1745.3 2084.2 1648.4
P1376 0.148930028081 3423.4 36.0 3365.8 51.1 3333.1 23.9 3390.6 8.9
P3107 0.352136164904 522.3 199.5 509.1 220.6 497.5 213.6 510.8 192.5
P3107 0.230095803738 600.8 207.5 593.0 227.0 579.2 222.0 587.0 202.4
P3107 0.178060248494 371.7 949.1 371.7 967.4 352.9 967.4 352.9 949.1
P3107 0.158623799682 572.3 206.4 561.0 227.6 544.4 222.7 555.8 201.5
P1752 0.405864179134 3808.9 1670.3 3736.7 1790.5 3651.3 1741.0 3723.5 1620.8
P1752 0.247258245945 3097.7 1609.7 3097.7 1730.1 3010.4 1730.1 3010.4 1609.7
P1752 0.166829943657 3012.8 1714.2 2940.2 1746.1 2903.4 1633.6 2976.0 1601.8
P1752 0.118449285626 3495.9 3570.9 3495.9 3609.6 3436.0 3609.6 3436.0 3570.9
P1380 0.16835924983 4293.0 2079.5 4269.2 2109.8 4248.0 2092.7 4271.9 2062.5
P1610 0.303657978773 1032.5 3343.7 1010.1 3381.5 987.8 3356.1 1010.2 3318.4
P1610 0.205165788531 2318.1 3925.9 2283.4 3945.4 2262.0 3893.5 2296.7 3873.9
P1610 0.128710404038 2800.3 799.2 2697.3 947.1 2596.6 853.5 2699.6 705.6
P1610 0.118158355355 1079.9 480.5 1037.4 498.3 1019.9 469.0 1062.4 451.2
P1583 0.145872592926 2120.2 2046.4 2120.2 2133.3 1971.6 2133.3 1971.6 2046.4
P1583 0.133325070143 3100.3 2377.3 3065.5 2393.6 3046.9 2330.3 3081.7 2313.9
P1583 0.111505702138 4020.6 66.7 4020.6 169.2 3958.8 169.2 3958.8 66.7
P1583 0.104377903044 607.0 179.5 577.2 188.3 565.8 153.5 595.7 144.6
P1547 0.181330353022 948.2 2514.2 898.9 2545.0 855.6 2514.5 904.9 2483.7
P1547 0.177765876055 2121.9 1125.2 2072.4 1140.9 2049.9 1030.9 2099.5 1015.2
P1547 0.109340287745 1306.7 981.7 1306.7 1038.5 1248.5 1038.5 1248.5 981.7
P2197 0.171300262213 1724.6 305.2 1638.7 380.6 1575.7 258.8 1661.5 183.4
P2197 0.160460352898 860.8 1104.1 860.8 1237.9 631.6 1237.9 631.6 1104.1
P2197 0.132774204016 1619.1 464.1 1619.1 611.8 1536.8 611.8 1536.8 464.1
P2197 0.122626408935 912.0 864.6 912.0 1130.7 619.4 1130.7 619.4 864.6
P2197 0.119689784944 868.2 603.9 868.2 743.8 727.1 743.8 727.1 603.9
P2197 0.105501167476 916.4 303.0 823.7 410.0 727.9 301.1 820.6 194.2
P1342 0.542839586735 3430.3 705.6 3326.4 758.2 3284.8 716.3 3388.8 663.7
P1342 0.494386762381 778.4 2337.4 672.0 2382.7 610.2 2235.4 716.6 2190.1
P1342 0.416564434767 293.7 481.1 242.5 500.6 182.1 379.6 233.2 360.2
P1342 0.385438710451 1693.3 1168.1 1568.9 1213.9 1510.5 1132.2 1634.9 1086.4
P1342 0.359331637621 1905.8 769.9 1845.4 770.7 1833.1 674.2 1893.5 673.4
P1342 0.34358638525 1895.9 925.1 1895.9 989.7 1819.2 989.7 1819.2 925.1
P1342 0.189638018608 2740.2 1545.1 2740.2 1619.4 2551.1 1619.4 2551.1 1545.1
P1342 0.130484655499 33.9 483.1 6.6 499.7 -14.7 424.0 12.6 407.4
P1342 0.118579477072 73.3 1508.9 47.2 1520.7 20.1 1471.9 46.1 1460.1
P1342 0.108049988747 2604.9 1575.3 2604.9 1605.2 2566.4 1605.2 2566.4 1575.3
P1315 0.511734366417 2961.6 2826.1 2961.6 2898.0 2811.1 2898.0 2811.1 2826.1
P1315 0.472157984972 2262.1 1485.3 2144.6 1517.9 2086.2 1287.4 2203.6 1254.7
P1315 0.184591561556 1108.8 1332.9 1108.8 1399.1 1046.5 1399.1 1046.5 1332.9
P1315 0.12335858494 611.8 1440.4 611.8 1603.5 567.9 1603.5 567.9 1440.4
P1315 0.11538952589 1128.4 3716.7 1087.0 3839.8 995.2 3814.8 1036.5 3691.7
P1315 0.112562052906 2516.5 3398.7 2516.5 3428.5 2495.1 3428.5 2495.1 3398.7
P1315 0.109056562185 864.4 1504.4 864.4 1588.0 819.5 1588.0 819.5 1504.4
P2754 0.187445446849 2622.0 2267.8 2526.0 2336.2 2438.6 2271.1 2534.6 2202.7
P2754 0.173852488399 2769.2 1070.5 2762.5 1112.2 2723.1 1108.2 2729.7 1066.5
P2754 0.142072245479 2582.0 1317.9 2525.0 1407.0 2446.2 1349.1 2503.2 1260.0
P2754 0.133582815528 1912.7 866.3 1728.5 1084.2 1581.0 897.1 1765.2 679.3
P2754 0.132804960012 2902.7 1506.9 2902.7 1560.5 2861.6 1560.5 2861.6 1506.9
P1679 0.629476070404 911.7 3191.0 815.5 3283.3 741.3 3222.2 837.5 3129.9
P1679 0.456048548222 431.3 3306.1 353.6 3325.4 324.6 3291.0 402.4 3271.7
P1679 0.267175257206 163.7 3433.6 163.7 3602.8 64.3 3602.8 64.3 3433.6
P1679 0.149756103754 495.3 2536.7 456.6 2555.6 437.8 2514.9 476.5 2496.0
P1754 0.169892013073 3059.1 559.1 3059.1 612.6 2992.7 612.6 2992.7 559.1
P1754 0.150474369526 918.2 1045.7 884.7 1051.1 878.0 1005.5 911.4 1000.1
P1754 0.104231961071 2632.1 587.0 2571.9 672.8 2484.9 591.9 2545.1 506.1
P1754 0.103005774319 2137.8 434.3 2137.8 601.6 1986.0 601.6 1986.0 434.3
P1373 0.464857906103 2998.2 151.7 2908.3 162.3 2885.7 12.4 2975.6 1.8
P1373 0.35543563962 2169.9 2685.5 2117.5 2720.0 2041.3 2589.5 2093.8 2555.0
P1373 0.26921698451 3205.3 2831.8 3157.4 2872.7 3118.7 2803.7 3166.6 2762.8
P1373 0.175037309527 3636.0 3267.5 3615.1 3283.3 3585.2 3248.4 3606.1 3232.6
P1373 0.166962772608 1276.0 1166.0 1140.3 1240.7 1041.3 1045.5 1176.9 970.8
P1373 0.146523877978 3085.6 869.7 2986.0 943.8 2871.4 798.3 2971.1 724.2
P1373 0.126057386398 1118.1 1405.7 1095.3 1409.9 1086.8 1374.9 1109.5 1370.7
P1373 0.11506062746 1744.7 1080.8 1716.4 1111.8 1683.8 1082.7 1712.2 1051.8
P1601 0.117891684175 3203.0 1157.1 3203.0 1223.4 3137.6 1223.4 3137.6 1157.1
P5546 0.111761830747 1025.6 576.8 1025.6 595.1 994.7 595.1 994.7 576.8
P0130 0.575351893902 499.1 471.1 451.5 542.4 409.7 444.7 457.2 373.4
P0130 0.136438712478 461.5 270.6 448.3 295.7 422.6 285.7 435.8 260.6
P3032 0.251044780016 792.9 41.4 774.1 43.2 769.9 19.7 788.8 17.8
P1579 0.221037611365 1456.0 2029.7 1425.3 2046.1 1404.9 2006.6 1435.7 1990.2
P1579 0.138991132379 1482.3 944.9 1388.7 979.6 1314.1 764.2 1407.7 729.6
P1579 0.102735869586 3299.1 1536.6 3261.1 1544.1 3251.1 1499.5 3289.2 1492.0
P1579 0.101073108613 3074.6 2065.2 3038.7 2077.1 3018.4 2018.6 3054.2 2006.7
P2592 0.171480312943 945.0 265.6 793.6 434.0 660.1 352.7 811.4 184.3
P2592 0.115130260587 1030.5 1010.0 1030.5 1097.8 981.2 1097.8 981.2 1010.0
P10733 0.179129943252 996.6 921.0 996.6 955.7 967.3 955.7 967.3 921.0
P2331 0.583725333214 2664.2 841.7 2626.6 892.7 2548.0 842.0 2585.6 790.9
P2331 0.215445518494 1410.5 1090.0 1382.4 1110.3 1345.0 1089.7 1373.1 1069.4
P2331 0.157916948199 869.1 1727.2 869.1 1787.0 847.5 1787.0 847.5 1727.2
P2331 0.155908882618 1445.6 1124.6 1423.0 1146.6 1383.7 1119.2 1406.2 1097.2
P2331 0.115343160927 214.5 766.1 169.2 816.9 93.5 758.0 138.8 707.2
P2331 0.103753171861 1524.7 574.7 1524.7 605.2 1503.2 605.2 1503.2 574.7
P0143 0.600454092026 439.3 280.1 439.3 441.7 356.6 441.7 356.6 280.1
P2993 0.355829685926 266.0 280.2 255.8 305.7 235.1 300.7 245.4 275.2
P2993 0.333526939154 263.5 340.9 263.5 360.4 212.8 360.4 212.8 340.9
P2993 0.216963276267 917.5 217.1 917.5 234.8 878.5 234.8 878.5 217.1
P2993 0.134902596474 999.8 328.9 999.8 339.6 971.8 339.6 971.8 328.9
P2993 0.134109809995 617.1 259.2 598.1 273.0 586.3 265.1 605.4 251.3
P2993 0.120609335601 300.4 134.6 289.9 155.2 241.3 149.1 251.8 128.5
P2993 0.117751337588 463.1 97.2 463.1 112.7 437.0 112.7 437.0 97.2
P1699 0.11821257323 931.2 562.0 931.2 617.5 856.2 617.5 856.2 562.0
P1619 0.227073565125 881.8 1447.8 857.0 1499.5 818.1 1476.0 842.9 1424.3
P1619 0.142187833786 484.0 790.5 467.4 827.8 440.6 813.4 457.2 776.2
P2695 0.149385988712 3442.8 863.0 3417.2 861.5 3410.7 812.0 3436.4 813.5
P1672 0.163001865149 1297.4 6.2 1211.3 71.5 1162.1 21.3 1248.2 -43.9
P1586 0.327852159739 3671.0 2081.9 3616.2 2147.5 3533.2 2089.8 3587.9 2024.2
P1586 0.244559153914 2301.9 3857.9 2250.9 3900.5 2229.7 3858.5 2280.7 3815.9
P1586 0.200436398387 3815.2 2046.9 3765.7 2113.3 3685.3 2036.6 3734.8 1970.2
P1586 0.123678393662 2008.0 1214.5 2008.0 1276.8 1947.6 1276.8 1947.6 1214.5
P1586 0.112561002374 2550.1 2216.9 2550.1 2267.0 2470.3 2267.0 2470.3 2216.9
P1586 0.112256273627 144.0 1513.0 99.2 1540.9 68.0 1507.6 112.8 1479.6
P2408 0.623082220554 1336.8 1996.3 1229.1 2028.2 1163.6 1815.8 1271.3 1783.9
P2408 0.126992568374 1369.3 2097.7 1315.4 2121.9 1282.7 2057.8 1336.6 2033.7
P2408 0.115211494267 1110.1 1764.8 1110.1 1839.5 1069.3 1839.5 1069.3 1764.8
P2342 0.618143320084 149.2 1680.7 114.0 1766.1 61.8 1732.4 97.0 1647.1
P2342 0.101800195873 1225.7 1539.9 1188.1 1551.3 1186.1 1536.2 1223.7 1524.8
P10137 0.157953158021 524.6 564.6 524.6 607.4 487.2 607.4 487.2 564.6
P10137 0.138325899839 548.9 535.5 548.9 572.2 520.2 572.2 520.2 535.5
P1440 0.121463760734 1498.8 981.1 1498.8 1150.3 1340.8 1150.3 1340.8 981.1
P2678 0.102351970971 3987.0 519.0 3921.4 556.0 3865.1 477.5 3930.7 440.5
P7746 0.553344726562 494.7 420.2 494.7 456.8 461.3 456.8 461.3 420.2
P7746 0.241098791361 230.5 757.0 230.5 767.1 189.5 767.1 189.5 757.0
P7746 0.178013190627 138.0 -7.0 138.0 19.4 90.2 19.4 90.2 -7.0
P1410 0.165816456079 5005.9 1966.5 5005.9 2093.8 4934.2 2093.8 4934.2 1966.5
P1410 0.156636506319 3601.9 4580.0 3601.9 4927.9 3306.0 4927.9 3306.0 4580.0
P1410 0.153315037489 4948.0 1962.4 4948.0 2105.5 4799.7 2105.5 4799.7 1962.4
P1410 0.146123886108 4418.6 2458.3 4418.6 2601.4 4209.4 2601.4 4209.4 2458.3
P1410 0.143781989813 4726.4 2531.1 4726.4 2792.7 4509.4 2792.7 4509.4 2531.1
P1410 0.130247920752 5104.1 4336.2 5104.1 4500.0 5036.3 4500.0 5036.3 4336.2
P1410 0.128013044596 5057.6 2501.0 5057.6 2838.7 4770.7 2838.7 4770.7 2501.0
P1410 0.123271822929 2325.2 4558.0 2325.2 4622.7 2142.4 4622.7 2142.4 4558.0
P1410 0.108179017901 4522.3 2022.9 4422.6 2148.7 4306.6 2043.1 4406.3 1917.3
P1410 0.103778243065 3605.4 4999.8 3605.4 5092.0 3494.0 5092.0 3494.0 4999.8
P1410 0.101978138089 4554.6 1475.9 4554.6 1775.6 4305.5 1775.6 4305.5 1475.9
P1410 0.100986845791 4626.4 1154.0 4626.4 1330.5 4505.7 1330.5 4505.7 1154.0
P1463 0.103812865913 1573.0 994.2 1455.0 1125.1 1352.5 1001.1 1470.5 870.1
P1463 0.103409066796 2762.9 1419.7 2762.9 1664.1 2536.7 1664.1 2536.7 1419.7
P2194 0.220473796129 315.6 1581.7 315.6 1717.6 128.7 1717.6 128.7 1581.7
P2194 0.193069174886 359.4 1430.5 244.9 1600.9 119.3 1483.7 233.7 1313.3
P2194 0.147672191262 1653.0 1617.6 1653.0 1881.9 1439.1 1881.9 1439.1 1617.6
P2194 0.124380648136 1082.2 495.1 1082.2 517.6 1041.5 517.6 1041.5 495.1
P1184 0.363592028618 2212.7 3805.6 2110.7 3947.1 1996.7 3813.0 2098.7 3671.5
P1184 0.136451974511 1613.2 4067.7 1561.5 4182.8 1416.0 4111.1 1467.7 3996.0
P4265 0.240504071116 482.1 3.9 450.2 37.4 434.5 22.8 466.5 -10.6
P4265 0.140102505684 997.3 594.3 986.9 608.2 959.8 594.4 970.3 580.5
P9594 0.236525833607 2273.3 827.5 2154.6 949.7 1996.2 792.4 2114.9 670.2
P2504 0.678428590298 1242.0 581.9 1159.7 622.1 1113.6 478.5 1195.9 438.3
P2504 0.239692151546 1381.5 448.0 1324.3 470.5 1302.5 388.8 1359.6 366.2
P2504 0.133680209517 1296.3 516.6 1263.2 532.8 1244.0 511.5 1277.1 495.4
P1903 0.118371210992 651.9 246.5 559.0 537.7 353.5 483.0 446.4 191.8
P1903 0.102651253343 1036.0 361.4 822.2 637.2 618.2 440.7 832.1 164.9
P2385 0.196015030146 1663.5 14.9 1663.5 44.9 1602.3 44.9 1602.3 14.9
P2385 0.161930203438 327.2 743.7 292.1 776.2 275.5 757.3 310.5 724.9
P2385 0.131862774491 427.7 1159.5 401.6 1166.9 385.6 1124.0 411.6 1116.6
P2385 0.114344462752 103.9 440.4 103.9 467.8 83.2 467.8 83.2 440.4
P2385 0.1094956249 1753.1 20.1 1722.1 36.6 1705.3 7.9 1736.3 -8.6
P2385 0.10452183336 734.9 610.4 722.2 619.5 707.3 601.4 719.9 592.3
P2385 0.10167568922 1037.5 1014.1 1030.5 1025.4 1006.1 1012.5 1013.1 1001.2
P1700 0.280131846666 3421.2 2919.6 3349.0 2973.3 3278.7 2860.7 3350.9 2806.9
P1700 0.113563217223 2401.3 3407.8 2379.0 3425.5 2363.4 3405.2 2385.6 3387.5
P1700 0.101521618664 2198.2 3901.1 2198.2 3983.0 2118.0 3983.0 2118.0 3901.1
P1577 0.517601251602 1719.1 1110.2 1649.7 1138.3 1605.1 982.2 1674.6 954.1
P1577 0.175119251013 256.8 2596.8 232.6 2601.6 228.5 2567.2 252.6 2562.4
P1577 0.141191020608 105.4 3051.3 105.4 3128.4 -14.0 3128.4 -14.0 3051.3
P2570 0.161182224751 1309.5 885.0 1309.5 1081.0 1182.7 1081.0 1182.7 885.0
P2570 0.152060970664 619.7 144.7 619.7 371.3 512.0 371.3 512.0 144.7
P2570 0.141111418605 314.0 127.0 314.0 284.7 113.3 284.7 113.3 127.0
P2570 0.140713766217 1694.2 503.5 1694.2 876.3 1347.9 876.3 1347.9 503.5
P2570 0.108905546367 1288.7 860.8 1288.7 888.9 1264.5 888.9 1264.5 860.8
P2570 0.108755029738 411.2 659.5 411.2 960.1 96.3 960.1 96.3 659.5
P2580 0.139723911881 537.5 1033.2 428.2 1099.1 356.7 1018.3 466.0 952.4
P2580 0.103360332549 693.3 942.4 519.0 1114.1 354.3 885.4 528.6 713.6
P1738 0.104498535395 2813.5 594.8 2750.5 612.6 2710.7 472.5 2773.7 454.6
P1738 0.100789517164 1908.4 3383.0 1908.4 3436.3 1839.4 3436.3 1839.4 3383.0
P1742 0.609957814217 479.5 2320.8 335.4 2403.7 245.4 2317.0 389.6 2234.1
P1742 0.401393771172 2721.7 1604.1 2587.8 1665.6 2523.0 1591.8 2656.9 1530.3
P1742 0.25429430604 2070.5 2024.8 2024.1 2100.3 1964.9 2042.3 2011.3 1966.8
P1742 0.109110869467 2646.0 2591.3 2646.0 2772.7 2486.2 2772.7 2486.2 2591.3
P0047 0.141847193241 513.2 622.9 406.5 780.6 244.5 644.1 351.1 486.4
P2121 0.198284119368 506.1 384.0 506.1 628.5 250.1 628.5 250.1 384.0
P2582 0.107603520155 1644.9 513.4 1525.6 629.4 1355.6 514.1 1475.0 398.1
P6143 0.121229551733 115.7 293.9 115.7 351.2 97.3 351.2 97.3 293.9
P6143 0.101044349372 757.5 433.5 729.2 455.5 686.3 434.5 714.6 412.5
P1257 0.470615595579 468.4 2227.5 351.5 2246.1 311.3 2024.8 428.2 2006.2
P1257 0.265469372272 3777.5 903.1 3726.5 916.8 3691.2 804.7 3742.2 791.0
P1257 0.163796216249 1206.7 2602.9 1144.5 2632.6 1108.3 2576.7 1170.5 2547.0
P1650 0.560581922531 1672.0 1739.3 1602.8 1858.6 1499.7 1760.0 1568.8 1640.7
P1650 0.275138795376 3220.9 2517.4 3156.5 2539.2 3127.1 2503.4 3191.6 2481.6
P1650 0.149221718311 1536.8 2179.2 1536.8 2256.5 1450.8 2256.5 1450.8 2179.2
P1650 0.132523491979 1935.3 1871.7 1914.2 1923.6 1884.8 1907.9 1905.9 1856.0
P2542 0.504019618034 789.9 1050.1 711.9 1178.3 606.9 1113.2 685.0 985.0
P2542 0.153602927923 697.5 891.1 636.1 959.3 562.0 889.1 623.4 820.9
P2542 0.133146554232 299.1 1705.1 299.1 1723.7 249.4 1723.7 249.4 1705.1
P0131 0.204749286175 609.0 417.2 609.0 610.7 354.9 610.7 354.9 417.2
P0385 0.102300487459 912.9 688.0 758.2 864.5 604.0 661.2 758.7 484.7
P2449 0.152224466205 88.2 2020.0 88.2 2155.7 -4.5 2155.7 -4.5 2020.0
P5316 0.160416156054 363.5 418.5 363.5 448.7 344.8 448.7 344.8 418.5
P5316 0.143866017461 559.9 454.4 559.9 485.4 532.6 485.4 532.6 454.4
P5316 0.113240301609 639.3 154.5 639.3 321.6 508.7 321.6 508.7 154.5
P1377 0.158909335732 923.8 506.4 923.8 602.5 864.8 602.5 864.8 506.4
P1377 0.152654707432 567.9 163.1 492.7 231.2 436.1 135.7 511.3 67.5
P1377 0.148957416415 912.2 257.4 767.7 478.5 605.9 321.0 750.3 99.8
P1377 0.142201468349 3639.6 2486.9 3639.6 2531.8 3551.6 2531.8 3551.6 2486.9
P1377 0.125553488731 3741.5 2513.2 3686.4 2581.7 3634.9 2547.5 3689.9 2478.9
P1377 0.102004989982 2695.7 94.1 2624.4 188.4 2572.5 143.0 2643.8 48.7
P1770 0.120094768703 1109.5 4092.6 1073.6 4106.3 1054.9 4055.4 1090.8 4041.8
P1770 0.120068006217 2874.3 3033.8 2844.6 3048.5 2826.7 3010.2 2856.5 2995.4
P1770 0.110679708421 2502.1 4540.1 2502.1 4632.0 2389.9 4632.0 2389.9 4540.1
P1770 0.1106293872 2945.4 2989.1 2945.4 3030.5 2874.3 3030.5 2874.3 2989.1
P6258 0.133944988251 801.1 775.9 801.1 798.3 771.3 798.3 771.3 775.9
P2689 0.212244540453 1959.0 2457.4 1800.6 2524.5 1751.4 2465.7 1909.8 2398.7
P2689 0.108176141977 3621.9 1922.8 3576.7 1944.7 3558.6 1873.4 3603.7 1851.5
P1751 0.1245200634 2599.9 1047.7 2599.9 1100.5 2571.8 1100.5 2571.8 1047.7
P1751 0.112663440406 44.8 533.5 44.8 621.9 15.0 621.9 15.0 533.5
P1542 0.300036072731 1550.1 2396.1 1527.8 2445.7 1501.8 2424.4 1524.1 2374.8
P1542 0.288877248764 2591.7 277.5 2561.4 290.3 2548.8 253.6 2579.1 240.8
P4772 0.119865775108 899.6 848.4 899.6 875.0 857.4 875.0 857.4 848.4
P1786 0.174592524767 1174.4 971.2 1047.5 1076.9 950.6 942.9 1077.5 837.2
P4952 0.118962593377 1032.4 404.6 1032.4 471.2 995.3 471.2 995.3 404.6
P4672 0.145421534777 563.7 215.7 554.5 246.6 542.3 245.0 551.6 214.0
P4672 0.139228850603 680.0 582.9 677.9 602.3 652.0 596.7 654.1 577.3
P1651 0.138759672642 3962.7 3094.7 3925.4 3121.3 3889.4 3085.2 3926.7 3058.6
P1371 0.15570512414 270.6 8.5 210.6 55.6 182.2 19.3 242.3 -27.9
P1371 0.148253276944 3629.1 2028.7 3591.6 2121.9 3542.8 2070.9 3580.3 1977.6
P1371 0.144455432892 3571.7 2751.7 3499.3 2795.5 3456.4 2668.3 3528.8 2624.5
P2429 0.214696764946 142.1 2569.7 142.1 2610.9 -2.4 2610.9 -2.4 2569.7
P2429 0.13606390357 589.3 1068.3 589.3 1096.1 566.4 1096.1 566.4 1068.3
P2169 0.120321929455 187.9 4.4 187.9 16.0 160.2 16.0 160.2 4.4
P7270 0.305389046669 217.1 440.2 207.1 463.9 163.8 460.1 173.8 436.4
P1246 0.42991143465 1432.5 553.0 1389.1 634.1 1355.3 612.8 1398.7 531.7
P7427 0.410904735327 499.0 230.8 471.5 236.7 466.4 198.7 493.9 192.7
P1566 0.138444960117 1793.7 1057.5 1793.7 1122.4 1681.9 1122.4 1681.9 1057.5
P1566 0.104341991246 2821.9 3380.7 2821.9 3438.6 2717.9 3438.6 2717.9 3380.7
P9170 0.153323203325 732.9 269.5 709.8 280.5 696.5 246.4 719.6 235.4
P3044 0.284067690372 830.7 548.4 800.1 566.7 780.4 545.3 811.0 527.1
P3044 0.139172330499 927.0 302.0 910.2 325.6 886.4 310.4 903.3 286.9
P3044 0.10655836761 599.6 434.5 599.6 458.3 557.2 458.3 557.2 434.5
P1332 0.21672976017 2609.3 754.0 2513.1 769.2 2506.5 714.4 2602.6 699.2
P2011 0.188423246145 440.5 410.7 440.5 617.5 147.9 617.5 147.9 410.7
P5155 0.364166766405 786.5 994.1 786.5 1011.0 728.9 1011.0 728.9 994.1
P5752 0.187999248505 294.8 585.2 294.8 611.6 276.2 611.6 276.2 585.2
P2481 0.173204392195 1777.2 297.3 1777.2 402.7 1720.3 402.7 1720.3 297.3
P2271 0.11701901257 1625.1 449.9 1625.1 562.6 1459.2 562.6 1459.2 449.9
P7799 0.41300868988 628.7 462.0 589.7 480.4 575.9 463.7 614.9 445.2
P2488 0.15842372179 235.6 1080.8 235.6 1098.4 207.6 1098.4 207.6 1080.8
P8324 0.136429429054 1027.7 312.6 1012.3 331.7 1001.8 323.0 1017.2 303.9
P8324 0.117100581527 787.7 96.3 787.7 116.6 761.3 116.6 761.3 96.3
P1763 0.143158137798 3183.0 2526.3 3125.6 2573.5 3060.8 2525.2 3118.1 2478.0
P1763 0.12469715625 2426.5 3705.8 2409.9 3733.9 2392.3 3714.5 2408.9 3686.4
P6357 0.201858848333 1027.8 576.5 1019.8 604.9 976.8 602.3 984.8 573.9
P3106 0.120766274631 630.1 868.3 533.6 1006.5 375.5 886.7 472.0 748.5
P2413 0.12623642385 1640.5 1161.1 1640.5 1211.8 1601.3 1211.8 1601.3 1161.1
P1713 0.111598484218 2898.9 2513.3 2872.9 2567.8 2849.1 2555.0 2875.1 2500.5
P1225 0.182060614228 1576.0 3068.2 1525.9 3093.9 1475.8 2984.9 1525.8 2959.3
P2745 0.145456165075 2837.7 466.1 2837.7 513.9 2807.1 513.9 2807.1 466.1
P2745 0.128117278218 1619.2 429.8 1619.2 470.1 1552.5 470.1 1552.5 429.8
P2745 0.103998735547 585.1 196.1 571.8 208.5 546.7 191.4 560.0 179.0
P10994 0.122915998101 416.6 533.2 416.6 591.0 372.4 591.0 372.4 533.2
P4083 0.248820945621 483.6 393.3 483.6 433.9 440.5 433.9 440.5 393.3
P4083 0.198126852512 97.1 604.2 97.1 672.2 42.4 672.2 42.4 604.2
P2012 0.614910900593 344.1 42.8 344.1 131.1 211.6 131.1 211.6 42.8
P1268 0.366473525763 3395.4 1591.7 3351.3 1613.8 3327.6 1518.1 3371.7 1496.0
P2330 0.600139975548 648.0 228.0 569.2 258.9 523.8 128.4 602.7 97.4
P2330 0.136076971889 1036.5 28.2 1036.5 55.7 1015.5 55.7 1015.5 28.2
P10795 0.27520892024 766.3 723.0 733.4 737.7 724.7 721.5 757.7 706.8
P0822 0.133683457971 815.7 516.9 815.7 606.3 632.1 606.3 632.1 516.9
P1230 0.229007020593 4919.2 1912.5 4857.5 1946.8 4821.0 1819.6 4882.7 1785.3
P1230 0.126510173082 4114.9 3067.5 4114.9 3112.9 4000.9 3112.9 4000.9 3067.5
P9397 0.160353258252 306.9 681.4 306.9 755.0 273.3 755.0 273.3 681.4
P1647 0.46559548378 1354.5 1753.4 1178.6 1827.1 1106.9 1740.3 1282.8 1666.6
P1647 0.1199368909 1636.5 3415.0 1636.5 3572.9 1495.2 3572.9 1495.2 3415.0
P1570 0.191125094891 3384.2 1017.8 3358.9 1035.6 3333.2 1002.2 3358.5 984.4
P1570 0.123543560505 3127.8 777.4 3103.4 788.4 3084.9 754.2 3109.4 743.2
P5949 0.290842652321 523.0 110.1 523.0 136.1 496.9 136.1 496.9 110.1
P4962 0.119918622077 208.9 978.9 208.9 993.2 171.6 993.2 171.6 978.9
P1314 0.121624015272 3993.3 1914.3 3993.3 1976.7 3810.0 1976.7 3810.0 1914.3
P6868 0.217349424958 632.3 649.6 602.7 652.0 594.9 616.2 624.5 613.7
P5750 0.436354547739 338.0 349.2 323.2 378.0 306.8 366.6 321.5 337.8
P5750 0.149121418595 618.8 325.7 617.4 343.5 563.3 334.6 564.7 316.8
P1557 0.151388674974 1133.7 2324.5 1051.8 2387.9 982.9 2255.1 1064.7 2191.8
P7800 0.22404782474 950.6 853.1 950.6 886.0 927.3 886.0 927.3 853.1
P2541 0.20017567277 1752.7 2308.1 1730.8 2310.3 1724.4 2276.4 1746.3 2274.2
P2446 0.106452122331 1203.3 272.0 1203.3 357.0 1120.8 357.0 1120.8 272.0
P2733 0.105047576129 2129.7 2087.8 2030.3 2258.3 1924.3 2164.3 2023.6 1993.7
P1390 0.11648543179 125.0 1006.6 125.0 1141.3 47.4 1141.3 47.4 1006.6
P2912 0.286889851093 520.8 263.6 520.8 308.1 499.1 308.1 499.1 263.6
P0146 0.106133364141 2397.6 718.3 2223.9 875.0 2061.4 692.0 2235.0 535.3
P2593 0.121532462537 1049.8 459.8 1049.8 559.8 929.5 559.8 929.5 459.8
P2593 0.108063094318 801.7 618.8 801.7 729.1 625.8 729.1 625.8 618.8
P6669 0.279938578606 384.0 217.9 384.0 242.7 356.9 242.7 356.9 217.9
P2563 0.131961151958 321.5 753.5 225.0 775.4 178.1 578.0 274.6 556.1
P6135 0.319126516581 335.3 649.2 335.3 674.7 316.6 674.7 316.6 649.2
