P2721 0.289865195751 738.5 2135.2 738.5 2176.2 714.6 2176.2 714.6 2135.2
P2721 0.287593603134 391.9 945.7 391.9 1010.0 356.3 1010.0 356.3 945.7
P2721 0.286394894123 961.0 2213.5 961.0 2272.0 932.2 2272.0 932.2 2213.5
P2721 0.273477494717 4358.9 2098.5 4329.0 2117.2 4299.5 2081.1 4329.4 2062.4
P2721 0.262089490891 1811.5 1700.0 1800.6 1707.6 1782.6 1688.2 1793.6 1680.6
P2721 0.255288809538 534.2 1712.4 534.2 1779.4 493.7 1779.4 493.7 1712.4
P2721 0.227369144559 1105.3 1596.5 1105.3 1608.0 1035.5 1608.0 1035.5 1596.5
P2721 0.206840187311 984.4 1321.4 958.6 1335.6 932.6 1284.0 958.3 1269.8
P2721 0.204238459468 39.5 2118.9 39.5 2183.5 4.1 2183.5 4.1 2118.9
P2721 0.196123316884 1181.5 1786.0 1181.5 1817.7 1158.0 1817.7 1158.0 1786.0
P2721 0.190773740411 2770.9 1230.2 2744.9 1250.9 2704.5 1206.9 2730.4 1186.2
P2721 0.173024967313 3790.7 1353.7 3790.7 1386.8 3772.4 1386.8 3772.4 1353.7
P2721 0.167871728539 759.3 2144.3 759.3 2174.5 740.6 2174.5 740.6 2144.3
P2721 0.150432139635 2689.0 710.6 2689.0 749.7 2665.6 749.7 2665.6 710.6
P2721 0.143348798156 3618.5 1001.1 3618.5 1075.0 3586.0 1075.0 3586.0 1001.1
P2721 0.140834644437 1436.9 630.9 1388.5 641.6 1382.0 614.0 1430.3 603.3
P2721 0.139767438173 1357.0 2271.5 1344.5 2279.5 1327.0 2255.3 1339.5 2247.3
P2721 0.132887229323 3364.4 1384.0 3339.2 1404.3 3327.1 1388.8 3352.3 1368.5
P2721 0.131103679538 980.3 567.3 980.3 596.7 967.0 596.7 967.0 567.3
P2721 0.127121150494 1947.7 1749.6 1937.1 1756.4 1920.5 1735.9 1931.1 1729.1
P2721 0.11685821414 1827.9 1882.5 1807.6 1901.4 1798.6 1890.7 1818.9 1871.8
P2721 0.116581089795 2729.5 1717.0 2702.2 1733.5 2689.4 1712.8 2716.7 1696.3
P2721 0.106919772923 3084.9 1517.3 3054.6 1518.7 3054.3 1502.6 3084.5 1501.1
P2721 0.102689117193 705.1 1008.4 705.1 1027.7 681.5 1027.7 681.5 1008.4
P2721 0.102678522468 3410.4 2008.6 3410.4 2031.1 3353.8 2031.1 3353.8 2008.6
P1410 0.461919516325 4982.0 2009.5 4982.0 2297.9 4765.8 2297.9 4765.8 2009.5
P1410 0.456737905741 3601.9 4580.0 3601.9 4927.9 3306.0 4927.9 3306.0 4580.0
P1410 0.451519280672 4554.6 1475.9 4554.6 1775.6 4305.5 1775.6 4305.5 1475.9
P1410 0.446291893721 5057.6 2501.0 5057.6 2838.7 4770.7 2838.7 4770.7 2501.0
P1410 0.442932665348 4726.4 2531.1 4726.4 2792.7 4509.4 2792.7 4509.4 2531.1
P1410 0.418355435133 4446.5 2503.0 4446.5 2804.7 4189.4 2804.7 4189.4 2503.0
P1410 0.386342525482 4545.6 2069.6 4433.5 2293.1 4259.6 2180.6 4371.7 1957.1
P1410 0.254928827286 3107.3 4466.7 3107.3 4584.9 2959.8 4584.9 2959.8 4466.7
P1410 0.22368106246 1226.2 618.1 1111.4 820.4 931.3 680.7 1046.1 478.4
P1410 0.213034063578 2842.3 4529.9 2842.3 4626.1 2729.2 4626.1 2729.2 4529.9
P1410 0.212956801057 1445.2 421.2 1332.2 691.6 1096.9 589.0 1209.8 318.5
P1410 0.174281463027 5006.8 1971.7 5006.8 2095.5 4941.1 2095.5 4941.1 1971.7
P1410 0.171181276441 5108.8 2477.8 5108.8 2605.9 5031.2 2605.9 5031.2 2477.8
P1410 0.161175370216 4183.6 1676.3 4140.3 1704.6 4122.9 1655.6 4166.2 1627.3
P1410 0.157418444753 3587.2 4550.0 3587.2 4597.9 3512.4 4597.9 3512.4 4550.0
P1410 0.137803792953 4593.1 2475.2 4593.1 2600.5 4466.4 2600.5 4466.4 2475.2
P1410 0.135195091367 3104.3 5336.4 3104.3 5530.9 2899.3 5530.9 2899.3 5336.4
P1410 0.128595277667 3193.7 4222.2 3193.7 4445.9 2994.4 4445.9 2994.4 4222.2
P1410 0.124754913151 2979.7 5191.8 2813.5 5442.7 2617.7 5305.6 2783.8 5054.7
P1410 0.124589458108 4958.5 1048.3 4958.5 1106.9 4828.9 1106.9 4828.9 1048.3
P1410 0.119514919817 4808.7 1970.8 4808.7 2081.4 4739.4 2081.4 4739.4 1970.8
P1410 0.106886707246 3609.6 4999.1 3609.6 5092.8 3497.8 5092.8 3497.8 4999.1
P1410 0.106508083642 4916.5 1994.5 4916.5 2033.4 4839.2 2033.4 4839.2 1994.5
P1410 0.103271208704 3602.2 5336.4 3602.2 5699.0 3201.4 5699.0 3201.4 5336.4
P0146 0.231533765793 1972.9 559.7 1860.2 823.2 1625.3 722.3 1738.0 458.8
P0146 0.230531573296 2222.2 879.0 2117.8 1091.1 1935.7 1002.5 2040.1 790.4
P0146 0.150468960404 1639.2 916.7 1639.2 1103.2 1508.4 1103.2 1508.4 916.7
P0146 0.13294544816 2320.9 595.2 2182.6 877.8 1957.4 749.7 2095.7 467.1
P0146 0.131874620914 2114.5 521.3 2114.5 626.6 1937.1 626.6 1937.1 521.3
P0146 0.110041037202 2232.7 1049.6 2162.9 1214.2 2009.5 1152.6 2079.3 988.1
P0146 0.107719913125 809.7 473.4 757.5 530.0 698.5 450.5 750.8 393.8
P1508 0.232494443655 596.4 813.6 596.4 1166.1 311.6 1166.1 311.6 813.6
P1508 0.107680827379 1138.2 1121.4 1138.2 1698.5 626.0 1698.5 626.0 1121.4
P1508 0.106471702456 687.3 3209.2 687.3 3736.3 188.7 3736.3 188.7 3209.2
P1508 0.101621590555 981.5 1681.8 981.5 2233.6 494.3 2233.6 494.3 1681.8
P2722 0.258893251419 1543.4 1373.1 1517.1 1388.3 1491.7 1326.4 1518.0 1311.2
P2722 0.22265201807 274.8 1204.8 274.8 1287.0 226.1 1287.0 226.1 1204.8
P2722 0.199640467763 422.4 2328.5 422.4 2376.5 397.1 2376.5 397.1 2328.5
P2722 0.189951524138 2172.8 1018.2 2147.6 1042.7 2133.9 1027.6 2159.2 1003.2
P2722 0.181007385254 1596.7 1094.6 1576.9 1102.2 1558.9 1061.4 1578.6 1053.8
P2722 0.162915110588 3586.0 1483.6 3586.0 1535.9 3545.8 1535.9 3545.8 1483.6
P2722 0.153960138559 2621.2 268.4 2598.6 272.8 2583.3 232.9 2605.9 228.5
P2722 0.108423903584 3579.3 1544.8 3560.4 1549.6 3555.6 1531.9 3574.5 1527.1
P2375 0.268481910229 936.0 650.0 827.7 688.6 772.7 514.6 880.9 476.0
P2404 0.128200978041 3164.2 738.3 3092.6 750.7 3064.1 594.7 3135.7 582.2
P2404 0.120197296143 3178.7 531.2 3178.7 608.3 3145.2 608.3 3145.2 531.2
P2404 0.117277801037 3222.1 523.4 3222.1 608.6 3173.5 608.6 3173.5 523.4
P1474 0.262666910887 1861.0 2603.9 1739.9 2627.1 1702.7 2425.3 1823.7 2402.1
P0047 0.229713276029 517.2 479.5 517.2 780.0 238.2 780.0 238.2 479.5
P0047 0.151556879282 603.1 1480.8 603.1 1602.9 544.7 1602.9 544.7 1480.8
P0047 0.107284337282 625.5 1626.7 625.5 1807.0 546.1 1807.0 546.1 1626.7
P2718 0.359353095293 2010.1 2126.6 1977.4 2145.0 1946.0 2123.9 1978.7 2105.5
P2718 0.199574276805 2020.6 2129.5 2003.6 2149.7 1990.5 2127.3 2007.5 2107.0
P2718 0.195854365826 602.6 1207.3 602.6 1276.7 576.8 1276.7 576.8 1207.3
P2718 0.194658666849 2040.8 1705.9 2010.4 1730.6 1987.3 1658.3 2017.6 1633.6
P2718 0.186426430941 548.6 891.3 548.6 914.4 510.6 914.4 510.6 891.3
P2718 0.177264645696 1300.2 1480.0 1300.2 1539.6 1167.4 1539.6 1167.4 1480.0
P2718 0.170211181045 2643.5 1559.3 2633.7 1569.9 2615.4 1557.3 2625.3 1546.6
P2718 0.154071688652 1239.7 1138.3 1228.2 1158.2 1157.1 1115.7 1168.6 1095.7
P2718 0.137225970626 3045.4 1542.5 3035.1 1563.4 3022.5 1558.5 3032.8 1537.6
P2718 0.136430293322 1092.3 1355.0 1092.3 1385.0 1071.2 1385.0 1071.2 1355.0
P2718 0.130026742816 3153.0 1285.4 3126.6 1299.2 3115.4 1237.9 3141.7 1224.1
P2718 0.119174540043 3395.5 1573.5 3395.5 1598.1 3377.5 1598.1 3377.5 1573.5
P2718 0.10887722671 2094.2 1232.2 2090.2 1261.8 2061.0 1260.4 2064.9 1230.7
P2718 0.106558889151 2661.6 1406.1 2661.6 1422.8 2629.5 1422.8 2629.5 1406.1
P2718 0.105338923633 2342.8 127.2 2342.8 149.9 2300.8 149.9 2300.8 127.2
P1518 0.157340183854 3851.2 1355.5 3813.0 1375.4 3793.6 1353.6 3831.9 1333.8
P1518 0.138581559062 243.1 2845.9 224.2 2905.5 185.2 2886.1 204.1 2826.5
P3106 0.192361295223 630.1 868.3 533.6 1006.5 375.5 886.7 472.0 748.5
P2547 0.443845361471 929.0 1833.6 929.0 1898.7 834.2 1898.7 834.2 1833.6
P2502 0.372115015984 712.9 1854.2 659.8 1893.4 594.2 1860.9 647.2 1821.8
P2502 0.183693826199 402.9 440.2 318.2 575.6 209.3 523.1 294.1 387.7
P2502 0.153780609369 584.7 1826.9 510.9 1854.8 482.5 1769.1 556.2 1741.2
P2502 0.130204230547 700.7 582.2 590.0 596.1 543.1 374.6 653.9 360.7
P2502 0.126510933042 470.5 614.2 454.6 642.2 420.8 621.3 436.7 593.3
P2502 0.109116621315 598.9 113.4 504.0 196.1 374.2 50.1 469.1 -32.6
P2768 0.130429714918 718.4 1760.0 718.4 1798.3 686.1 1798.3 686.1 1760.0
P2768 0.121811307967 912.5 1999.3 912.5 2031.2 893.1 2031.2 893.1 1999.3
P2768 0.118248060346 907.5 1749.6 907.5 1800.6 874.1 1800.6 874.1 1749.6
P2768 0.114979475737 872.7 1202.0 872.7 1226.5 844.2 1226.5 844.2 1202.0
P2768 0.104788668454 912.0 2059.6 912.0 2088.9 893.2 2088.9 893.2 2059.6
P2570 0.434429705143 1652.3 536.1 1652.3 843.7 1376.2 843.7 1376.2 536.1
P2570 0.426320195198 914.9 230.0 768.5 445.0 611.0 252.9 757.5 37.9
P2570 0.399383276701 1040.6 792.6 1040.6 1171.6 755.7 1171.6 755.7 792.6
P2570 0.288981854916 1142.4 871.5 1142.4 1076.4 1005.7 1076.4 1005.7 871.5
P2570 0.268287599087 619.7 144.7 619.7 371.3 512.0 371.3 512.0 144.7
P2570 0.262288510799 1309.5 885.0 1309.5 1081.0 1182.7 1081.0 1182.7 885.0
P2570 0.204950347543 1051.7 89.0 1051.7 370.6 824.7 370.6 824.7 89.0
P2570 0.197215721011 1231.9 516.2 1231.9 591.8 1060.2 591.8 1060.2 516.2
P2570 0.177520886064 906.7 442.4 906.7 825.5 633.7 825.5 633.7 442.4
P2570 0.177355453372 1616.1 873.7 1616.1 932.3 1409.9 932.3 1409.9 873.7
P2570 0.156396582723 595.2 472.9 595.2 611.1 520.9 611.1 520.9 472.9
P2570 0.140624418855 1278.0 552.4 1278.0 747.5 1188.0 747.5 1188.0 552.4
P2570 0.118450209498 1113.8 549.4 1113.8 766.6 1026.4 766.6 1026.4 549.4
P2724 0.330897420645 2509.6 2049.8 2509.6 2098.6 2462.5 2098.6 2462.5 2049.8
P2724 0.243230968714 2390.2 2081.5 2371.4 2097.4 2357.8 2067.1 2376.6 2051.3
P2724 0.235103517771 1142.7 832.8 1132.4 841.9 1110.6 820.9 1120.8 811.8
P2724 0.206319063902 1126.0 980.4 1126.0 1023.6 1100.0 1023.6 1100.0 980.4
P2724 0.197751268744 569.9 479.7 541.3 485.5 537.7 451.0 566.3 445.2
P2724 0.183122396469 3154.1 1916.5 3124.1 1924.7 3106.6 1896.1 3136.6 1887.9
P2724 0.18270394206 1616.1 1508.0 1569.5 1539.4 1539.0 1511.5 1585.5 1480.1
P2724 0.15690433979 3068.7 1895.3 3039.5 1900.2 3032.2 1875.8 3061.4 1870.9
P2724 0.155675545335 3930.7 235.9 3893.0 241.2 3889.8 223.0 3927.5 217.7
P2724 0.152940154076 1613.0 1749.7 1581.3 1765.9 1552.1 1702.1 1583.8 1685.9
P2724 0.135741367936 1976.9 1650.1 1965.4 1677.9 1948.0 1667.2 1959.5 1639.4
P2724 0.133764520288 1744.5 952.7 1744.5 987.6 1707.5 987.6 1707.5 952.7
P2724 0.125151142478 1939.9 1247.9 1925.4 1272.3 1904.7 1261.1 1919.2 1236.7
P2724 0.113140515983 472.7 569.1 472.7 578.5 426.8 578.5 426.8 569.1
P2724 0.111128330231 3596.1 636.9 3596.1 671.1 3576.3 671.1 3576.3 636.9
P2724 0.110621653497 1518.3 498.2 1518.3 521.6 1493.0 521.6 1493.0 498.2
P2724 0.108116537333 3044.4 998.6 3044.4 1038.4 3022.0 1038.4 3022.0 998.6
P1750 0.108381919563 581.8 3388.7 581.8 3430.0 517.6 3430.0 517.6 3388.7
P2541 0.299346983433 2168.4 1325.3 2128.5 1390.2 2051.9 1366.9 2091.8 1302.0
P2541 0.101756624877 1672.5 1450.4 1672.5 1513.7 1547.6 1513.7 1547.6 1450.4
P2563 0.357559084892 1788.6 246.1 1584.7 518.5 1350.7 285.0 1554.7 12.6
P2563 0.167844876647 706.7 429.1 706.7 774.9 409.4 774.9 409.4 429.1
P2563 0.133970782161 906.8 425.6 906.8 602.1 800.5 602.1 800.5 425.6
P2563 0.123071119189 1310.9 408.3 1310.9 563.6 1188.6 563.6 1188.6 408.3
P4183 0.116542875767 486.0 225.9 468.7 238.4 439.7 219.3 457.0 206.8
P1432 0.261725574732 2916.8 1421.0 2916.8 1574.7 2797.2 1574.7 2797.2 1421.0
P1432 0.260865002871 1739.5 927.4 1739.5 1115.8 1592.1 1115.8 1592.1 927.4
P1432 0.210503786802 1617.2 2529.8 1617.2 2705.7 1514.6 2705.7 1514.6 2529.8
P1432 0.14790931344 338.9 2919.4 227.3 2952.6 152.6 2708.4 264.2 2675.1
P1432 0.140919283032 1613.7 988.1 1613.7 1143.8 1566.3 1143.8 1566.3 988.1
P2241 0.119469046593 466.6 472.1 466.6 596.2 289.3 596.2 289.3 472.1
P2378 0.17564226687 602.5 881.8 514.2 952.2 402.9 859.9 491.2 789.5
P6661 0.121102884412 1024.0 283.3 1024.0 327.6 987.3 327.6 987.3 283.3
P6661 0.105970963836 1001.0 10.9 1001.0 33.3 969.4 33.3 969.4 10.9
P0131 0.436087369919 601.7 537.3 601.7 809.9 370.6 809.9 370.6 537.3
P0131 0.196757793427 905.2 285.7 905.2 358.0 850.5 358.0 850.5 285.7
P0131 0.188185125589 1094.7 279.6 1094.7 356.9 1052.8 356.9 1052.8 279.6
P0131 0.178368762136 973.0 276.1 973.0 368.0 926.8 368.0 926.8 276.1
P1596 0.180358916521 647.2 1916.1 556.3 2004.3 438.0 1879.7 528.9 1791.4
P5789 0.225521847606 14884.5 10610.5 14753.5 10684.1 14664.6 10595.3 14795.5 10521.7
P5789 0.162608146667 25528.9 6504.9 25513.5 6526.4 25492.7 6513.7 25508.1 6492.1
P5789 0.156723380089 25570.6 6506.0 25420.4 6571.2 25346.8 6499.0 25497.0 6433.9
P5789 0.150904715061 18970.4 3186.7 18822.2 3232.9 18770.0 3154.5 18918.2 3108.3
P5789 0.128394588828 29199.3 1511.0 29199.3 1549.5 29140.6 1549.5 29140.6 1511.0
P5789 0.124584063888 29226.9 5247.1 29178.1 5254.6 29153.0 5100.2 29201.7 5092.7
P5789 0.124005556107 9772.1 5092.2 9671.8 5127.3 9616.4 4936.8 9716.8 4901.7
P5789 0.122620761395 26495.1 10080.5 26471.4 10084.6 26461.4 10043.2 26485.1 10039.1
P5789 0.116081371903 2985.0 23237.7 2953.4 23261.4 2938.3 23213.1 2969.9 23189.4
P5789 0.10841948539 29168.7 5214.8 29144.7 5220.2 29130.5 5189.0 29154.6 5183.6
P5789 0.101846277714 14644.6 6438.4 14551.7 6450.4 14511.1 6237.9 14604.0 6225.9
P5789 0.100359365344 27520.3 19082.0 27520.3 19098.8 27498.1 19098.8 27498.1 19082.0
P1471 0.172282263637 2448.9 860.7 2448.9 1135.2 2251.3 1135.2 2251.3 860.7
P1471 0.136231318116 847.1 2269.8 847.1 2662.0 524.7 2662.0 524.7 2269.8
P1471 0.124186716974 2602.5 520.8 2602.5 699.6 2505.6 699.6 2505.6 520.8
P2595 0.34481471777 392.6 993.3 392.6 1315.0 147.6 1315.0 147.6 993.3
P2595 0.121797829866 621.9 362.6 621.9 577.2 549.8 577.2 549.8 362.6
P1584 0.158325299621 1886.5 3635.2 1752.3 3721.1 1654.6 3625.7 1788.8 3539.8
P1584 0.101235516369 2515.0 4138.1 2487.7 4147.5 2473.9 4112.9 2501.2 4103.5
P1376 0.116096459329 3423.4 36.0 3365.8 51.1 3333.1 23.9 3390.6 8.9
P0770 0.180453047156 671.3 559.6 610.4 729.8 461.5 674.0 522.5 503.7
P0770 0.109964780509 1271.4 964.9 1112.3 1178.3 937.1 1037.0 1096.1 823.7
P3107 0.17991155386 522.3 199.5 509.1 220.6 497.5 213.6 510.8 192.5
P3107 0.127900123596 600.8 207.5 593.0 227.0 579.2 222.0 587.0 202.4
P1456 0.130297005177 620.3 805.0 620.3 1086.7 463.6 1086.7 463.6 805.0
P1456 0.118144832551 700.6 1072.2 700.6 1419.7 399.2 1419.7 399.2 1072.2
P1456 0.116672694683 3134.9 1385.1 3134.9 1578.8 3045.4 1578.8 3045.4 1385.1
P1456 0.109198026359 2957.7 976.0 2957.7 1123.7 2694.2 1123.7 2694.2 976.0
P1456 0.108961753547 601.4 1482.7 601.4 1536.7 474.4 1536.7 474.4 1482.7
P1269 0.125922217965 2579.2 1586.5 2502.1 1694.8 2441.1 1649.9 2518.2 1541.7
P1314 0.135355234146 3602.1 1984.9 3602.1 2034.6 3480.9 2034.6 3480.9 1984.9
P2197 0.274590224028 911.6 301.0 822.5 409.9 732.8 308.7 821.9 199.7
P2197 0.218429669738 1649.9 1190.4 1649.9 1447.4 1417.7 1447.4 1417.7 1190.4
P2197 0.160102874041 884.6 480.1 884.6 651.4 735.1 651.4 735.1 480.1
P2197 0.117545850575 860.8 1104.1 860.8 1237.9 631.6 1237.9 631.6 1104.1
P1342 0.193479880691 1905.8 769.9 1845.4 770.7 1833.1 674.2 1893.5 673.4
P1342 0.185107052326 293.7 481.1 242.5 500.6 182.1 379.6 233.2 360.2
P1342 0.140930265188 3430.3 705.6 3326.4 758.2 3284.8 716.3 3388.8 663.7
P1342 0.133830145001 778.4 2337.4 672.0 2382.7 610.2 2235.4 716.6 2190.1
P1342 0.120937079191 1899.0 920.6 1899.0 988.2 1816.6 988.2 1816.6 920.6
P1342 0.111691750586 2038.3 393.7 2014.9 402.0 2006.0 370.4 2029.4 362.1
P1342 0.111208349466 2740.2 1545.1 2740.2 1619.4 2551.1 1619.4 2551.1 1545.1
P1342 0.11041252315 2604.9 1575.3 2604.9 1605.2 2566.4 1605.2 2566.4 1575.3
P1342 0.108244240284 33.9 483.1 6.6 499.7 -14.7 424.0 12.6 407.4
P1315 0.221349954605 789.3 557.3 789.3 614.9 662.6 614.9 662.6 557.3
P1315 0.165686950088 239.5 3041.2 239.5 3106.8 124.4 3106.8 124.4 3041.2
P1315 0.164362832904 2960.6 2824.5 2960.6 2899.7 2818.9 2899.7 2818.9 2824.5
P1315 0.157524555922 745.9 1356.4 745.9 1415.2 633.6 1415.2 633.6 1356.4
P1315 0.150842189789 613.1 1443.3 613.1 1608.2 566.5 1608.2 566.5 1443.3
P1315 0.135195568204 1128.4 3716.7 1087.0 3839.8 995.2 3814.8 1036.5 3691.7
P1315 0.130972385406 864.4 1504.4 864.4 1588.0 819.5 1588.0 819.5 1504.4
P1315 0.106225349009 879.6 1245.4 879.6 1301.8 780.1 1301.8 780.1 1245.4
P2592 0.31120172143 1997.0 688.5 1768.4 973.7 1519.3 714.9 1747.9 429.7
P2592 0.235767662525 1172.5 538.3 954.3 826.6 721.7 632.8 939.9 344.6
P2592 0.109046593308 951.9 267.4 796.1 437.0 661.5 350.9 817.3 181.3
P2194 0.541605889797 363.3 1439.8 246.7 1602.5 122.4 1474.2 239.0 1311.6
P2194 0.451052129269 1649.3 1620.3 1649.3 1879.4 1442.9 1879.4 1442.9 1620.3
P2194 0.221039146185 929.7 1560.2 929.7 1851.2 649.9 1851.2 649.9 1560.2
P2194 0.19123776257 1587.5 1554.7 1587.5 1609.2 1447.9 1609.2 1447.9 1554.7
P2194 0.165130391717 902.6 1377.5 902.6 1602.1 701.0 1602.1 701.0 1377.5
P2194 0.156064599752 317.8 1567.3 317.8 1683.8 134.7 1683.8 134.7 1567.3
P2194 0.124726772308 1141.8 490.4 1141.8 529.4 1117.5 529.4 1117.5 490.4
P2714 0.306280195713 4236.7 1513.8 4211.6 1537.0 4167.6 1491.1 4192.7 1468.0
P2714 0.251856803894 2266.2 1987.0 2266.2 2028.2 2241.0 2028.2 2241.0 1987.0
P2714 0.247399657965 3985.3 1010.5 3985.3 1064.4 3947.7 1064.4 3947.7 1010.5
P2714 0.239107787609 1869.8 2409.6 1855.3 2426.5 1829.3 2406.9 1843.8 2389.9
P2714 0.222328424454 2245.8 549.8 2245.8 605.8 2213.4 605.8 2213.4 549.8
P2714 0.214656069875 1263.6 1631.6 1263.6 1684.3 1235.3 1684.3 1235.3 1631.6
P2714 0.210364952683 3288.4 1478.8 3275.2 1513.4 3257.2 1501.7 3270.4 1467.1
P2714 0.207326173782 476.3 1202.6 476.3 1264.4 454.0 1264.4 454.0 1202.6
P2714 0.203045278788 3766.5 870.5 3748.4 905.2 3724.6 895.3 3742.6 860.6
P2714 0.201107934117 1499.2 2212.4 1499.2 2244.1 1456.9 2244.1 1456.9 2212.4
P2714 0.199243023992 1204.4 1676.1 1192.9 1697.9 1175.6 1689.2 1187.1 1667.4
P2714 0.196072846651 384.5 1411.2 365.2 1415.2 350.1 1377.7 369.5 1373.7
P2714 0.192353948951 3754.7 158.2 3754.7 205.5 3713.3 205.5 3713.3 158.2
P2714 0.185710057616 2089.9 1857.9 2089.9 1881.8 2041.7 1881.8 2041.7 1857.9
P2714 0.161491945386 4372.1 1042.7 4349.8 1074.2 4329.1 1066.3 4351.4 1034.8
P2714 0.15671518445 3615.2 1572.2 3605.0 1599.0 3586.9 1593.6 3597.0 1566.8
P2714 0.150756537914 827.1 2179.7 827.1 2195.2 792.4 2195.2 792.4 2179.7
P2714 0.148723915219 2482.5 2361.9 2482.5 2397.7 2455.8 2397.7 2455.8 2361.9
P2714 0.145972266793 1342.3 1965.2 1342.3 1999.4 1318.0 1999.4 1318.0 1965.2
P2714 0.13912025094 2080.0 1585.5 2080.0 1610.0 2035.4 1610.0 2035.4 1585.5
P2714 0.13564452529 3594.6 1136.6 3571.9 1142.7 3560.8 1091.9 3583.5 1085.8
P2714 0.131283938885 3224.4 1567.3 3224.4 1588.4 3155.6 1588.4 3155.6 1567.3
P2714 0.120805718005 2486.4 440.3 2486.4 458.7 2453.7 458.7 2453.7 440.3
P2714 0.117439463735 458.5 94.3 458.5 141.5 425.5 141.5 425.5 94.3
P2714 0.115388251841 3697.7 4.8 3697.7 23.3 3658.0 23.3 3658.0 4.8
P2714 0.114115186036 3109.6 1004.3 3066.0 1033.6 3053.4 1015.4 3097.0 986.1
P2714 0.109793670475 4491.0 2187.8 4473.1 2190.7 4466.2 2164.4 4484.1 2161.5
P2714 0.107282012701 522.3 1718.7 522.3 1757.6 496.5 1757.6 496.5 1718.7
P2714 0.106488645077 566.2 1164.4 566.2 1183.1 525.5 1183.1 525.5 1164.4
P2714 0.103049352765 3022.5 586.1 3022.5 611.3 2996.2 611.3 2996.2 586.1
P2714 0.102810427547 3927.1 440.0 3927.1 475.5 3876.6 475.5 3876.6 440.0
P2714 0.102092318237 833.7 2031.2 833.7 2048.4 802.3 2048.4 802.3 2031.2
P1332 0.170853480697 3313.3 -2.9 3313.3 23.0 3275.3 23.0 3275.3 -2.9
P1373 0.316465467215 1744.7 1080.8 1716.4 1111.8 1683.8 1082.7 1712.2 1051.8
P1373 0.231231808662 2164.0 2675.1 2108.1 2710.7 2039.4 2592.1 2095.3 2556.6
P1373 0.122947216034 2998.2 151.7 2908.3 162.3 2885.7 12.4 2975.6 1.8
P2582 0.320937395096 589.9 634.6 428.6 958.3 152.7 799.6 314.0 475.9
P2582 0.246002048254 1624.9 596.8 1466.9 889.3 1221.7 725.7 1379.8 433.3
P2582 0.238332465291 1087.6 814.0 895.7 1175.2 599.1 1004.7 790.9 643.4
P2582 0.231485024095 1391.4 988.8 1261.2 1239.6 1047.3 1117.3 1177.5 866.5
P2582 0.208758920431 1322.9 472.0 1180.3 712.7 979.2 594.0 1121.8 353.3
P2582 0.154082864523 604.2 519.3 604.2 612.3 495.3 612.3 495.3 519.3
P0130 0.15207439661 499.1 471.1 451.5 542.4 409.7 444.7 457.2 373.4
P2011 0.133133843541 448.0 388.1 448.0 616.3 140.4 616.3 140.4 388.1
P1463 0.283451616764 2634.8 1808.6 2542.2 2001.5 2369.8 1882.0 2462.4 1689.1
P1463 0.27743139863 2811.4 1873.2 2718.4 2080.3 2529.8 1968.9 2622.8 1761.7
P1463 0.232584133744 2491.5 2117.0 2400.0 2274.3 2249.4 2150.1 2340.9 1992.7
P1463 0.20363779366 2645.4 2194.4 2560.0 2337.8 2415.7 2224.6 2501.1 2081.2
P3032 0.134726271033 792.9 41.4 774.1 43.2 769.9 19.7 788.8 17.8
P2580 0.420873314142 547.7 495.4 365.8 666.3 226.3 444.1 408.2 273.2
P2580 0.367557257414 701.6 935.4 529.7 1121.3 353.8 900.2 525.7 714.3
P2580 0.121578805149 535.1 1037.1 424.7 1104.8 351.0 1014.0 461.5 946.3
P1492 0.106934823096 1016.7 562.3 1016.7 1073.5 644.1 1073.5 644.1 562.3
P10733 0.121757999063 516.1 970.0 516.1 1033.8 384.0 1033.8 384.0 970.0
P10733 0.100724287331 996.6 921.0 996.6 955.7 967.3 955.7 967.3 921.0
P0143 0.177299976349 439.3 280.1 439.3 441.7 356.6 441.7 356.6 280.1
P2993 0.259117782116 266.0 280.2 255.8 305.7 235.1 300.7 245.4 275.2
P2993 0.162438333035 263.5 340.9 263.5 360.4 212.8 360.4 212.8 340.9
P1384 0.314027190208 2197.1 697.3 2109.2 797.2 2046.9 682.2 2134.8 582.4
P1384 0.302968919277 2155.4 799.9 2155.4 1003.8 2023.7 1003.8 2023.7 799.9
P1384 0.151600688696 1996.4 749.0 1956.4 949.6 1801.2 893.5 1841.2 693.0
P1384 0.117106415331 2102.0 573.3 2102.0 606.6 2069.5 606.6 2069.5 573.3
P1752 0.223789975047 3097.3 1600.8 3097.3 1738.7 3018.2 1738.7 3018.2 1600.8
P1752 0.194168105721 3012.8 1714.2 2940.2 1746.1 2903.4 1633.6 2976.0 1601.8
P1752 0.11856469512 1458.9 3624.5 1458.9 3795.7 1305.4 3795.7 1305.4 3624.5
P2342 0.163979902864 149.2 1680.7 114.0 1766.1 61.8 1732.4 97.0 1647.1
P2587 0.150552898645 626.8 986.7 499.7 1136.1 361.9 992.4 489.0 843.0
P2587 0.12797100842 2183.7 463.1 2048.0 651.7 1877.1 546.8 2012.9 358.1
P1903 0.159514337778 1360.0 352.5 1202.0 565.3 1014.3 441.8 1172.3 229.0
P1903 0.126293361187 1464.7 312.0 1464.7 579.7 1294.9 579.7 1294.9 312.0
P1903 0.112053230405 1408.9 489.0 1408.9 539.1 1319.2 539.1 1319.2 489.0
P1903 0.110722959042 769.9 264.9 646.6 561.6 420.0 480.6 543.3 183.8
P1184 0.32186293602 996.1 5485.4 934.3 5635.9 792.3 5565.1 854.1 5414.5
P1184 0.271818369627 1219.6 1076.6 1171.9 1181.4 1078.8 1135.5 1126.5 1030.8
P1184 0.124499797821 1600.8 4004.0 1600.8 4183.6 1466.8 4183.6 1466.8 4004.0
P1184 0.106847144663 2211.4 3810.5 2103.8 3953.8 1990.6 3816.2 2098.1 3672.9
P2678 0.117563828826 3985.6 528.4 3921.7 564.7 3866.2 475.5 3930.1 439.2
P7746 0.351233631372 494.0 421.4 494.0 462.3 462.1 462.3 462.1 421.4
P7746 0.123034901917 230.5 757.0 230.5 767.1 189.5 767.1 189.5 757.0
P2455 0.108979001641 1116.6 1887.3 1116.6 2108.3 967.1 2108.3 967.1 1887.3
P1732 0.137520700693 1293.9 1957.8 1227.2 2015.3 1111.5 1862.0 1178.2 1804.5
P1732 0.119200468063 3923.3 1274.5 3851.0 1301.5 3804.1 1122.7 3876.4 1095.6
P1732 0.104201622307 1399.4 785.5 1335.8 851.0 1284.2 708.8 1347.8 643.3
P2504 0.41771236062 1381.5 448.0 1324.3 470.5 1302.5 388.8 1359.6 366.2
P2504 0.239681169391 1241.2 584.5 1160.2 622.9 1114.2 483.6 1195.1 445.2
P2385 0.139642760158 327.2 743.7 292.1 776.2 275.5 757.3 310.5 724.9
P2385 0.111183404922 103.9 440.4 103.9 467.8 83.2 467.8 83.2 440.4
P2408 0.179630458355 1336.8 1996.3 1229.1 2028.2 1163.6 1815.8 1271.3 1783.9
P2408 0.111963309348 1369.3 2097.7 1315.4 2121.9 1282.7 2057.8 1336.6 2033.7
P2754 0.1380713135 2770.1 1071.3 2758.4 1109.4 2721.8 1100.6 2733.4 1062.5
P2754 0.125864580274 2848.0 1420.8 2807.9 1475.7 2761.8 1431.2 2801.9 1376.3
P2754 0.117712959647 2905.7 1501.4 2905.7 1559.3 2858.6 1559.3 2858.6 1501.4
P2121 0.163252413273 506.1 384.0 506.1 628.5 250.1 628.5 250.1 384.0
P1586 0.267566740513 3815.2 2046.9 3765.7 2113.3 3685.3 2036.6 3734.8 1970.2
P1586 0.116787672043 3717.8 2127.3 3652.4 2194.1 3542.6 2083.8 3608.0 2017.0
P1650 0.226026639342 1536.8 2179.2 1536.8 2256.5 1450.8 2256.5 1450.8 2179.2
P1650 0.157656535506 1672.0 1739.3 1602.8 1858.6 1499.7 1760.0 1568.8 1640.7
P1786 0.2233261168 851.7 3026.1 851.7 3239.4 591.9 3239.4 591.9 3026.1
P0882 0.108930192888 847.7 1020.1 847.7 1103.7 784.0 1103.7 784.0 1020.1
P2542 0.412567734718 697.5 891.1 636.1 959.3 562.0 889.1 623.4 820.9
P2542 0.155917659402 786.0 1023.9 715.7 1146.0 618.4 1099.7 688.7 977.6
P0385 0.268024146557 921.0 678.4 766.1 875.4 594.8 677.9 749.7 480.9
P0385 0.166230708361 338.9 792.2 200.0 1012.6 4.0 852.1 142.9 631.8
P2449 0.14940482378 95.3 2021.8 95.3 2094.2 -11.4 2094.2 -11.4 2021.8
P5316 0.149794638157 559.9 454.4 559.9 485.4 532.6 485.4 532.6 454.4
P1679 0.155565366149 911.7 3191.0 815.5 3283.3 741.3 3222.2 837.5 3129.9
P1679 0.136141613126 431.3 3306.1 353.6 3325.4 324.6 3291.0 402.4 3271.7
P1356 0.115411140025 2574.9 1538.5 2454.8 1609.3 2381.4 1521.6 2501.6 1450.8
P4772 0.116751991212 899.6 848.4 899.6 875.0 857.4 875.0 857.4 848.4
P1643 0.200142651796 2135.6 3211.6 2038.4 3259.0 1971.8 3184.6 2069.0 3137.2
P1643 0.102409370244 3694.3 3560.9 3641.7 3594.4 3606.0 3523.4 3658.6 3490.0
P2598 0.119293086231 1123.7 491.5 1123.7 728.4 952.2 728.4 952.2 491.5
P1178 0.111056946218 3681.8 2192.2 3681.8 2475.2 3449.6 2475.2 3449.6 2192.2
P7270 0.182166755199 217.1 440.2 207.1 463.9 163.8 460.1 173.8 436.4
P1246 0.181397646666 1432.5 553.0 1389.1 634.1 1355.3 612.8 1398.7 531.7
P7427 0.229546502233 499.0 230.8 471.5 236.7 466.4 198.7 493.9 192.7
P0368 0.29867875576 661.1 864.6 450.1 1174.1 162.3 937.9 373.2 628.3
P1651 0.107358418405 2888.9 913.8 2818.3 940.4 2756.4 882.9 2827.0 856.3
P4265 0.142887338996 482.1 3.9 450.2 37.4 434.5 22.8 466.5 -10.6
P3044 0.213983222842 830.7 548.4 800.1 566.7 780.4 545.3 811.0 527.1
P5155 0.207304924726 786.5 994.1 786.5 1011.0 728.9 1011.0 728.9 994.1
P0123 0.151635244489 116.3 813.6 116.3 1003.9 -24.4 1003.9 -24.4 813.6
P2166 0.221755430102 380.8 188.1 380.8 295.7 277.9 295.7 277.9 188.1
P4151 0.154886573553 3710.6 4760.0 3538.4 4964.5 3335.2 4748.0 3507.4 4543.5
P7799 0.232373297215 628.7 462.0 589.7 480.4 575.9 463.7 614.9 445.2
P2488 0.128066644073 235.6 1080.8 235.6 1098.4 207.6 1098.4 207.6 1080.8
P8287 0.17533069849 569.1 3207.6 569.1 3371.4 441.8 3371.4 441.8 3207.6
P2168 0.108961321414 1110.5 1006.0 1068.1 1026.7 1046.6 976.9 1089.0 956.1
P6357 0.131078153849 1027.8 576.5 1019.8 604.9 976.8 602.3 984.8 573.9
P2593 0.436235040426 864.0 176.4 864.0 531.9 556.3 531.9 556.3 176.4
P2593 0.160271808505 806.9 615.1 806.9 732.8 628.5 732.8 628.5 615.1
P2593 0.150918334723 835.0 496.5 835.0 563.4 631.0 563.4 631.0 496.5
P2286 0.109877206385 2371.1 1779.3 2343.9 1796.2 2280.4 1732.1 2307.6 1715.3
P1377 0.476267933846 915.9 252.3 773.9 484.2 602.4 333.8 744.4 101.9
P1377 0.119964063168 2554.4 732.3 2554.4 879.3 2464.8 879.3 2464.8 732.3
P4083 0.148261591792 483.6 393.3 483.6 433.9 440.5 433.9 440.5 393.3
P1230 0.105961412191 4374.9 616.4 4349.7 634.0 4334.7 605.1 4359.9 587.5
P1230 0.102340586483 3448.5 392.5 3448.5 436.5 3427.3 436.5 3427.3 392.5
P0402 0.125581845641 723.9 552.2 723.9 901.6 406.0 901.6 406.0 552.2
P0402 0.120589457452 462.3 733.9 325.0 921.4 149.9 751.4 287.2 563.9
P2012 0.218926459551 344.1 42.8 344.1 131.1 211.6 131.1 211.6 42.8
P2733 0.148955732584 578.3 904.8 499.3 930.4 449.9 834.7 528.9 809.1
P10795 0.145960405469 766.3 723.0 733.4 737.7 724.7 721.5 757.7 706.8
P0659 0.142041772604 375.6 305.8 300.8 373.7 221.2 273.3 296.0 205.3
P9031 0.101584270597 491.9 982.0 491.9 997.9 431.8 997.9 431.8 982.0
P10442 0.11413757503 126.5 468.6 126.5 631.1 -10.9 631.1 -10.9 468.6
P2394 0.18555136025 1041.1 45.0 1041.1 80.2 1020.4 80.2 1020.4 45.0
P1323 0.101404219866 3182.5 733.9 3138.9 745.6 3118.1 701.8 3161.7 690.2
P0194 0.145461693406 71.7 643.3 71.7 802.1 -11.9 802.1 -11.9 643.3
P9397 0.124265216291 306.9 681.4 306.9 755.0 273.3 755.0 273.3 681.4
P2745 0.138711363077 3416.9 1885.4 3416.9 1932.0 3354.9 1932.0 3354.9 1885.4
P1647 0.104757234454 1354.5 1753.4 1178.6 1827.1 1106.9 1740.3 1282.8 1666.6
P1386 0.10387095809 3616.7 3186.3 3616.7 3321.8 3546.8 3321.8 3546.8 3186.3
P0673 0.226210936904 1119.2 109.4 943.4 428.4 655.7 245.2 831.5 -73.8
P2689 0.143049955368 2872.3 83.3 2758.9 181.3 2667.9 55.9 2781.3 -42.1
P5949 0.17067591846 523.0 110.1 523.0 136.1 496.9 136.1 496.9 110.1
P1542 0.105527251959 1550.1 2396.1 1527.8 2445.7 1501.8 2424.4 1524.1 2374.8
P2331 0.197238072753 2664.2 841.7 2626.6 892.7 2548.0 842.0 2585.6 790.9
P2331 0.11526504159 1524.7 572.0 1524.7 599.8 1503.1 599.8 1503.1 572.0
P2331 0.109314195812 1406.5 1090.4 1375.6 1110.1 1340.8 1090.5 1371.7 1070.8
P1700 0.256544560194 3421.2 2919.6 3349.0 2973.3 3278.7 2860.7 3350.9 2806.9
P1713 0.104184016585 1934.5 2279.0 1915.1 2324.6 1854.7 2301.2 1874.1 2255.6
P0382 0.151110514998 1118.3 917.8 1118.3 1078.3 995.7 1078.3 995.7 917.8
P1577 0.147504374385 1721.1 1117.2 1650.3 1142.2 1603.3 983.1 1674.1 958.1
P2429 0.106711477041 142.1 2569.7 142.1 2610.9 -2.4 2610.9 -2.4 2569.7
P2330 0.188292875886 648.0 228.0 569.2 258.9 523.8 128.4 602.7 97.4
P2330 0.106462784111 1036.5 28.2 1036.5 55.7 1015.5 55.7 1015.5 28.2
P1440 0.100190676749 1694.3 648.0 1521.8 989.6 1237.1 827.3 1409.5 485.8
P7800 0.109822958708 952.2 852.9 952.2 885.4 929.9 885.4 929.9 852.9
P2462 0.111312381923 325.9 1192.6 167.8 1432.3 -15.8 1282.2 142.3 1042.5
P1742 0.161922246218 479.5 2320.8 335.4 2403.7 245.4 2317.0 389.6 2234.1
P2912 0.164715215564 520.8 263.6 520.8 308.1 499.1 308.1 499.1 263.6
P2791 0.150421738625 3370.7 5338.9 3284.1 5481.3 3128.8 5360.5 3215.4 5218.0
P1240 0.127031624317 1139.8 93.3 1110.1 122.4 1072.4 80.1 1102.1 51.0
P1240 0.104672685266 1009.0 513.2 978.0 528.2 930.8 466.2 961.8 451.2
P6669 0.126467645168 384.0 217.9 384.0 242.7 356.9 242.7 356.9 217.9
P5750 0.253116101027 338.0 349.2 323.2 378.0 306.8 366.6 321.5 337.8
P1919 0.102140568197 123.0 56.2 123.0 212.2 29.3 212.2 29.3 56.2
P8656 0.118132635951 4573.8 2552.6 4573.8 2883.0 4245.8 2883.0 4245.8 2552.6
P6135 0.153422221541 335.3 649.2 335.3 674.7 316.6 674.7 316.6 649.2
P6135 0.133106768131 287.4 440.9 287.4 468.7 244.2 468.7 244.2 440.9
