P2758 0.103782355785 2778.6 413.0 2772.8 423.7 2755.9 413.4 2761.7 402.7
P0704 0.22743357718 2097.3 839.4 2097.3 859.9 2075.0 859.9 2075.0 839.4
P1240 0.155139967799 1760.7 3469.8 1750.8 3486.2 1738.2 3477.7 1748.1 3461.3
P0795 0.135965690017 1443.2 101.8 1443.2 126.4 1416.8 126.4 1416.8 101.8
P9997 0.180998668075 125.6 3374.3 125.6 3404.1 94.0 3404.1 94.0 3374.3
P5789 0.168718904257 25506.4 5402.5 25506.4 5425.7 25481.8 5425.7 25481.8 5402.5
P5789 0.145108819008 11765.7 1671.8 11765.7 1692.8 11744.3 1692.8 11744.3 1671.8
P5789 0.1424472332 25105.1 10944.8 25105.1 10970.1 25081.6 10970.1 25081.6 10944.8
P5789 0.117149710655 17872.7 8094.2 17872.7 8116.0 17851.7 8116.0 17851.7 8094.2
P5789 0.115252904594 24172.6 15616.8 24161.6 15622.8 24153.1 15610.5 24164.1 15604.6
P1370 0.165802761912 2593.5 1830.8 2593.5 1854.3 2570.2 1854.3 2570.2 1830.8
P1370 0.161672279239 112.8 2469.4 112.8 2495.2 84.9 2495.2 84.9 2469.4
P1370 0.116737224162 3226.9 1061.8 3226.9 1085.8 3202.4 1085.8 3202.4 1061.8
P1373 0.105730086565 3013.1 3125.2 3000.6 3133.7 2992.5 3119.3 3005.0 3110.8
P1242 0.101713068783 3630.5 3744.5 3621.2 3750.5 3613.8 3738.4 3623.2 3732.4
P2645 0.120196171105 3921.8 3276.2 3921.8 3306.3 3882.2 3306.3 3882.2 3276.2
P1601 0.104227080941 1528.9 1352.8 1518.8 1366.8 1506.4 1356.9 1516.5 1342.9
P2331 0.148866146803 2298.9 363.9 2298.9 385.0 2274.1 385.0 2274.1 363.9
P1315 0.122894823551 2373.0 843.7 2358.8 864.2 2348.7 857.1 2363.0 836.6
P1315 0.103692688048 2306.5 807.3 2293.9 828.5 2282.4 821.2 2295.0 800.0
P1371 0.161817625165 2892.4 473.5 2874.3 488.6 2862.9 474.0 2881.0 458.8
