P1397 0.612126171589 1506.7 2869.2 1506.7 2938.5 1482.2 2938.5 1482.2 2869.2
P1397 0.576861262321 1415.2 2858.8 1415.2 2941.4 1388.8 2941.4 1388.8 2858.8
P1397 0.559413731098 1392.0 2864.0 1392.0 2931.9 1372.4 2931.9 1372.4 2864.0
P1397 0.551818907261 1600.3 2859.7 1600.3 2940.2 1563.4 2940.2 1563.4 2859.7
P1397 0.542547404766 1522.9 2860.1 1522.9 2939.8 1503.8 2939.8 1503.8 2860.1
P1397 0.532488465309 1567.1 2841.9 1567.1 2938.6 1525.6 2938.6 1525.6 2841.9
P1397 0.521641790867 1636.7 2849.7 1636.7 2942.4 1598.9 2942.4 1598.9 2849.7
P1397 0.518359601498 1448.7 2867.1 1448.7 2941.1 1419.1 2941.1 1419.1 2867.1
P1397 0.517902135849 3917.3 843.1 3900.8 858.2 3870.0 834.1 3886.5 819.0
P1397 0.511587142944 3281.7 586.3 3281.7 665.2 3250.0 665.2 3250.0 586.3
P1397 0.511059820652 1891.9 2850.1 1891.9 2921.8 1864.5 2921.8 1864.5 2850.1
P1397 0.504080235958 557.2 1941.8 557.2 2038.4 519.3 2038.4 519.3 1941.8
P1397 0.500952541828 3249.1 588.9 3249.1 662.9 3217.3 662.9 3217.3 588.9
P1397 0.497717469931 1344.9 2857.9 1344.9 2941.9 1307.3 2941.9 1307.3 2857.9
P1397 0.486079931259 1370.4 2867.7 1370.4 2931.4 1345.3 2931.4 1345.3 2867.7
P1397 0.482600867748 889.0 1955.9 889.0 2056.1 850.4 2056.1 850.4 1955.9
P1397 0.471059411764 641.3 2529.1 641.3 2594.5 610.4 2594.5 610.4 2529.1
P1397 0.464523255825 1663.8 2864.4 1663.8 2935.2 1635.8 2935.2 1635.8 2864.4
P1397 0.462465912104 3749.8 1050.7 3749.8 1089.6 3694.5 1089.6 3694.5 1050.7
P1397 0.456230551004 3920.1 755.2 3920.1 793.7 3867.9 793.7 3867.9 755.2
P1397 0.449668437243 3911.1 882.7 3911.1 920.7 3861.6 920.7 3861.6 882.7
P1397 0.44669252634 1854.0 2854.7 1854.0 2924.3 1836.5 2924.3 1836.5 2854.7
P1397 0.43873783946 1834.1 2862.6 1834.1 2916.9 1819.0 2916.9 1819.0 2862.6
P1397 0.431446313858 1707.2 2854.6 1707.2 2933.8 1672.9 2933.8 1672.9 2854.6
P1397 0.401717752218 641.1 1946.0 641.1 2034.2 602.4 2034.2 602.4 1946.0
P1397 0.401448130608 1806.6 2861.1 1806.6 2929.8 1781.5 2929.8 1781.5 2861.1
P1397 0.39505442977 3909.6 998.0 3902.6 1024.2 3861.2 1014.6 3868.1 988.4
P1397 0.381388664246 3312.2 586.5 3312.2 664.8 3283.8 664.8 3283.8 586.5
P1397 0.380069971085 3924.0 713.7 3924.0 753.2 3871.4 753.2 3871.4 713.7
P1397 0.379122138023 3347.5 585.3 3347.5 666.5 3321.0 666.5 3321.0 585.3
P1397 0.379001140594 1912.8 2859.2 1912.8 2924.0 1890.2 2924.0 1890.2 2859.2
P1397 0.365595370531 3111.1 693.9 3111.1 733.4 3101.2 733.4 3101.2 693.9
P1397 0.360048621893 3747.2 1015.5 3747.2 1044.9 3696.8 1044.9 3696.8 1015.5
P1397 0.351171791553 3414.1 588.0 3414.1 663.8 3389.4 663.8 3389.4 588.0
P1397 0.350376069546 3123.7 695.3 3123.7 732.2 3113.5 732.2 3113.5 695.3
P1397 0.349966347218 547.2 2197.9 547.2 2286.0 513.4 2286.0 513.4 2197.9
P1397 0.349550753832 3381.4 597.7 3381.4 662.1 3358.2 662.1 3358.2 597.7
P1397 0.347113758326 3136.4 696.4 3136.4 731.5 3125.3 731.5 3125.3 696.4
P1397 0.346918225288 3864.5 591.4 3864.5 644.7 3836.3 644.7 3836.3 591.4
P1397 0.345711171627 940.0 2184.5 940.0 2259.2 919.7 2259.2 919.7 2184.5
P1397 0.330525398254 1309.4 2863.5 1309.4 2936.2 1270.8 2936.2 1270.8 2863.5
P1397 0.328552752733 3212.3 632.8 3192.0 650.9 3182.0 602.1 3202.2 584.0
P1397 0.325199723244 1747.7 2864.5 1747.7 2944.1 1713.3 2944.1 1713.3 2864.5
P1397 0.323488414288 3910.2 928.7 3910.2 962.4 3861.5 962.4 3861.5 928.7
P1397 0.321520358324 1072.4 2116.6 1072.4 2199.4 1036.4 2199.4 1036.4 2116.6
P1397 0.320618957281 3805.1 1032.4 3805.1 1067.0 3758.7 1067.0 3758.7 1032.4
P1397 0.317308604717 3585.6 597.9 3585.6 669.9 3561.8 669.9 3561.8 597.9
P1397 0.317243367434 1267.6 2143.1 1267.6 2228.9 1232.4 2228.9 1232.4 2143.1
P1397 0.306721746922 3017.0 692.8 3017.0 727.0 3010.9 727.0 3010.9 692.8
P1397 0.306169182062 782.6 2182.9 782.6 2268.9 757.0 2268.9 757.0 2182.9
P1397 0.304408460855 590.2 2525.3 590.2 2590.7 550.5 2590.7 550.5 2525.3
P1397 0.299482643604 3840.4 593.3 3840.4 690.3 3779.9 690.3 3779.9 593.3
P1397 0.295175999403 3085.4 696.0 3085.4 731.3 3076.7 731.3 3076.7 696.0
P1397 0.290643751621 3098.4 695.1 3098.4 732.2 3088.4 732.2 3088.4 695.1
P1397 0.290435016155 1382.5 1853.3 1382.5 1927.2 1350.9 1927.2 1350.9 1853.3
P1397 0.290162563324 3621.4 611.1 3621.4 672.6 3597.9 672.6 3597.9 611.1
P1397 0.289701938629 3150.2 696.4 3150.2 731.3 3140.0 731.3 3140.0 696.4
P1397 0.278804183006 3911.7 1035.1 3911.7 1065.2 3859.7 1065.2 3859.7 1035.1
P1397 0.273951292038 3070.2 696.6 3070.2 730.5 3062.4 730.5 3062.4 696.6
P1397 0.270650953054 3033.0 693.3 3033.0 726.3 3025.3 726.3 3025.3 693.3
P1397 0.269217461348 7971.3 2302.2 7971.3 2333.6 7945.9 2333.6 7945.9 2302.2
P1397 0.266887784004 1431.6 2106.4 1431.6 2218.0 1388.4 2218.0 1388.4 2106.4
P1397 0.258820831776 865.8 2177.1 865.8 2250.2 833.2 2250.2 833.2 2177.1
P1397 0.25726249814 3744.2 973.4 3744.2 999.5 3699.9 999.5 3699.9 973.4
P1397 0.257189124823 3163.4 696.5 3163.4 731.6 3152.8 731.6 3152.8 696.5
P1397 0.254611939192 613.1 2539.7 613.1 2576.3 591.1 2576.3 591.1 2539.7
P1397 0.250168472528 3815.5 759.5 3815.5 789.0 3772.7 789.0 3772.7 759.5
P1397 0.249777331948 592.1 1170.9 592.1 1296.8 515.9 1296.8 515.9 1170.9
P1397 0.248354315758 3518.2 581.6 3518.2 678.3 3485.8 678.3 3485.8 581.6
P1397 0.247757703066 3573.6 776.3 3573.6 827.4 3470.7 827.4 3470.7 776.3
P1397 0.247496396303 3762.6 699.4 3762.6 727.6 3713.4 727.6 3713.4 699.4
P1397 0.247088760138 3653.8 597.6 3653.8 678.3 3630.2 678.3 3630.2 597.6
P1397 0.244434818625 3487.6 582.0 3487.6 677.8 3452.8 677.8 3452.8 582.0
P1397 0.242873951793 1885.8 2141.8 1885.8 2205.9 1853.7 2205.9 1853.7 2141.8
P1397 0.240940839052 1180.8 2167.9 1180.8 2243.5 1159.3 2243.5 1159.3 2167.9
P1397 0.239990979433 434.6 2528.4 434.6 2595.3 394.1 2595.3 394.1 2528.4
P1397 0.237424328923 3042.0 693.9 3042.0 726.1 3034.9 726.1 3034.9 693.9
P1397 0.236012071371 1349.6 2141.5 1349.6 2229.5 1318.6 2229.5 1318.6 2141.5
P1397 0.235706299543 2952.7 694.4 2952.7 725.4 2946.5 725.4 2946.5 694.4
P1397 0.235332638025 1109.8 1986.7 1109.8 2057.2 1063.4 2057.2 1063.4 1986.7
P1397 0.234915792942 3005.8 692.2 3005.8 727.5 2997.7 727.5 2997.7 692.2
P1397 0.232013553381 3754.5 610.0 3754.5 682.0 3730.3 682.0 3730.3 610.0
P1397 0.230879306793 3686.8 587.6 3686.8 688.4 3661.0 688.4 3661.0 587.6
P1397 0.23079931736 479.0 1939.8 479.0 2031.4 429.1 2031.4 429.1 1939.8
P1397 0.228556513786 2964.9 692.2 2964.9 727.3 2959.3 727.3 2959.3 692.2
P1397 0.228273868561 3720.6 596.5 3720.6 687.5 3698.5 687.5 3698.5 596.5
P1397 0.225523352623 3057.2 693.5 3057.2 726.5 3050.7 726.5 3050.7 693.5
P1397 0.220887705684 3553.9 592.2 3553.9 675.7 3521.9 675.7 3521.9 592.2
P1397 0.22063690424 1022.3 2178.9 1022.3 2225.2 997.8 2225.2 997.8 2178.9
P1397 0.220264852047 657.6 1171.4 657.6 1296.1 602.1 1296.1 602.1 1171.4
P1397 0.21985527873 729.1 1177.7 729.1 1289.9 675.0 1289.9 675.0 1177.7
P1397 0.218739762902 800.2 1171.6 800.2 1296.1 748.5 1296.1 748.5 1171.6
P1397 0.218199178576 3905.8 1073.5 3905.8 1107.0 3850.1 1107.0 3850.1 1073.5
P1397 0.217583626509 2989.7 694.3 2989.7 725.0 2984.1 725.0 2984.1 694.3
P1397 0.217400744557 3822.2 717.2 3822.2 749.7 3774.4 749.7 3774.4 717.2
P1397 0.208629012108 1470.7 1032.9 1470.7 1083.6 1437.4 1083.6 1437.4 1032.9
P1397 0.207804054022 1968.7 2138.9 1968.7 2176.9 1947.5 2176.9 1947.5 2138.9
P1397 0.207120478153 3174.0 702.9 3174.0 732.2 3166.3 732.2 3166.3 702.9
P1397 0.206141158938 1267.1 2524.5 1267.1 2591.2 1232.6 2591.2 1232.6 2524.5
P1397 0.203270822763 1387.7 2092.8 1387.7 2175.3 1358.4 2175.3 1358.4 2092.8
P1397 0.198654264212 2977.9 686.1 2977.9 725.8 2970.9 725.8 2970.9 686.1
P1397 0.198034748435 8316.5 936.3 8316.5 979.6 8299.2 979.6 8299.2 936.3
P1397 0.197793841362 3446.4 615.0 3446.4 660.9 3430.4 660.9 3430.4 615.0
P1397 0.196991980076 3754.8 741.5 3754.8 765.4 3712.8 765.4 3712.8 741.5
P1397 0.196112722158 3755.4 761.4 3755.4 786.3 3712.1 786.3 3712.1 761.4
P1397 0.193902611732 6583.0 2553.5 6583.0 2587.1 6549.5 2587.1 6549.5 2553.5
P1397 0.189865455031 541.3 2529.7 541.3 2593.9 501.5 2593.9 501.5 2529.7
P1397 0.184543728828 3189.6 699.6 3189.6 728.5 3181.0 728.5 3181.0 699.6
P1397 0.182866171002 6024.6 2111.6 6024.6 2140.6 6010.9 2140.6 6010.9 2111.6
P1397 0.18244561553 7831.7 1753.7 7831.7 1811.4 7775.7 1811.4 7775.7 1753.7
P1397 0.182341307402 3807.3 968.8 3807.3 1003.6 3757.2 1003.6 3757.2 968.8
P1397 0.180758282542 685.4 1222.3 685.4 1293.8 655.3 1293.8 655.3 1222.3
P1397 0.176561459899 3806.7 1072.1 3806.7 1107.4 3765.8 1107.4 3765.8 1072.1
P1397 0.176089003682 8069.6 964.6 8069.6 998.7 8058.0 998.7 8058.0 964.6
P1397 0.173241689801 8231.1 2536.6 8231.1 2603.0 8209.4 2603.0 8209.4 2536.6
P1397 0.17112326622 1190.9 2867.0 1190.9 2934.2 1157.3 2934.2 1157.3 2867.0
P1397 0.170438185334 8310.6 1445.8 8310.6 1573.8 8288.1 1573.8 8288.1 1445.8
P1397 0.168989762664 2077.4 2127.4 2077.4 2196.6 2039.7 2196.6 2039.7 2127.4
P1397 0.165040582418 2176.1 2114.8 2176.1 2201.0 2139.2 2201.0 2139.2 2114.8
P1397 0.16322465241 2528.1 2506.9 2528.1 2576.4 2475.4 2576.4 2475.4 2506.9
P1397 0.16087757051 3810.8 822.6 3810.8 853.4 3768.7 853.4 3768.7 822.6
P1397 0.160307526588 3198.9 700.0 3198.9 728.3 3190.4 728.3 3190.4 700.0
P1397 0.158862367272 2394.1 2054.1 2394.1 2085.7 2369.9 2085.7 2369.9 2054.1
P1397 0.154385089874 2370.1 2111.4 2370.1 2180.4 2339.1 2180.4 2339.1 2111.4
P1397 0.150639683008 1431.3 1898.4 1431.3 1939.2 1398.0 1939.2 1398.0 1898.4
P1397 0.148462966084 3335.2 2938.2 3335.2 2974.0 3252.4 2974.0 3252.4 2938.2
P1397 0.147826701403 3741.1 936.5 3741.1 954.1 3703.6 954.1 3703.6 936.5
P1397 0.147670164704 6009.3 2539.8 6009.3 2560.0 5995.8 2560.0 5995.8 2539.8
P1397 0.1450843364 1107.9 2173.0 1107.9 2246.7 1080.1 2246.7 1080.1 2173.0
P1397 0.144439280033 2547.2 2806.9 2542.3 2819.9 2513.0 2805.0 2517.9 2792.1
P1397 0.141884297132 2268.0 2116.7 2268.0 2175.5 2240.4 2175.5 2240.4 2116.7
P1397 0.141716912389 3212.0 705.3 3212.0 729.6 3207.5 729.6 3207.5 705.3
P1397 0.139586165547 521.3 1221.3 521.3 1286.0 497.5 1286.0 497.5 1221.3
P1397 0.135664671659 2940.2 696.0 2940.2 723.0 2933.7 723.0 2933.7 696.0
P1397 0.13517396152 487.7 2527.7 487.7 2597.1 445.1 2597.1 445.1 2527.7
P1397 0.132638722658 2356.7 3120.3 2356.7 3158.8 2311.5 3158.8 2311.5 3120.3
P1397 0.132135257125 3247.8 2491.6 3247.8 2520.3 3220.7 2520.3 3220.7 2491.6
P1397 0.131802633405 3748.8 784.2 3748.8 804.7 3711.7 804.7 3711.7 784.2
P1397 0.130889594555 3280.5 2495.4 3280.5 2516.8 3259.7 2516.8 3259.7 2495.4
P1397 0.130134165287 3700.8 600.0 3700.8 692.1 3686.6 692.1 3686.6 600.0
P1397 0.129062578082 1943.4 787.7 1943.4 809.2 1916.4 809.2 1916.4 787.7
P1397 0.127468392253 1239.8 2873.4 1239.8 2942.7 1188.2 2942.7 1188.2 2873.4
P1397 0.127303272486 3746.2 892.9 3746.2 911.2 3705.9 911.2 3705.9 892.9
P1397 0.125311374664 3869.2 642.3 3869.2 673.3 3847.0 673.3 3847.0 642.3
P1397 0.12328915298 2757.0 2076.1 2757.0 2103.8 2726.8 2103.8 2726.8 2076.1
P1397 0.119973808527 6517.9 1524.5 6517.9 1567.1 6493.7 1567.1 6493.7 1524.5
P1397 0.119275800884 758.3 1230.3 758.3 1294.7 733.8 1294.7 733.8 1230.3
P1397 0.119189277291 6514.3 2519.1 6514.3 2541.6 6497.3 2541.6 6497.3 2519.1
P1397 0.118641890585 1600.3 961.7 1600.3 985.9 1579.0 985.9 1579.0 961.7
P1397 0.116502389312 3806.3 998.4 3806.3 1020.8 3765.3 1020.8 3765.3 998.4
P1397 0.114700146019 7957.1 2335.7 7952.6 2352.5 7944.5 2347.8 7949.0 2331.0
P1397 0.114558465779 3401.6 2646.4 3401.6 2693.7 3354.6 2693.7 3354.6 2646.4
P1397 0.114442452788 2436.7 2115.1 2436.7 2176.5 2398.4 2176.5 2398.4 2115.1
P1397 0.113292425871 1110.8 899.6 1110.8 951.8 1069.1 951.8 1069.1 899.6
P1397 0.111431717873 3742.9 913.6 3742.9 932.0 3701.3 932.0 3701.3 913.6
P1397 0.110888317227 1513.2 2115.8 1513.2 2200.7 1474.4 2200.7 1474.4 2115.8
P1397 0.110623531044 6021.2 1003.7 6021.2 1023.9 5998.6 1023.9 5998.6 1003.7
P1397 0.109344676137 7974.8 2286.6 7974.8 2309.2 7960.1 2309.2 7960.1 2286.6
P1397 0.109294466674 8121.2 2573.2 8121.2 2599.6 8101.7 2599.6 8101.7 2573.2
P1397 0.109197512269 6826.0 774.5 6826.0 804.6 6777.4 804.6 6777.4 774.5
P1397 0.108679704368 1781.9 2883.9 1781.9 2916.7 1757.3 2916.7 1757.3 2883.9
P1397 0.108230829239 6012.3 2328.8 6004.4 2341.7 5992.1 2331.9 6000.0 2318.9
P1397 0.108202509582 1270.5 2779.7 1270.5 2799.9 1246.0 2799.9 1246.0 2779.7
P1397 0.107456795871 3505.9 703.2 3505.9 724.6 3473.6 724.6 3473.6 703.2
P1397 0.107450984418 6045.6 1408.9 6045.6 1435.6 6022.7 1435.6 6022.7 1408.9
P1397 0.106431819499 3103.7 1068.2 3103.7 1111.8 3077.3 1111.8 3077.3 1068.2
P1397 0.104949049652 1391.2 1498.6 1391.2 1528.5 1357.5 1528.5 1357.5 1498.6
P1397 0.102906048298 1665.9 2123.2 1665.9 2224.6 1642.5 2224.6 1642.5 2123.2
P1397 0.10289966315 3048.2 3039.6 3048.2 3069.1 3012.0 3069.1 3012.0 3039.6
P1397 0.102066837251 8099.2 2516.5 8099.2 2551.3 8082.2 2551.3 8082.2 2516.5
P1397 0.100962109864 1108.6 1017.3 1108.6 1074.7 1063.7 1074.7 1063.7 1017.3
P1397 0.100639536977 3775.6 578.4 3775.6 649.5 3749.2 649.5 3749.2 578.4
P1508 0.340255111456 1149.9 1455.2 1111.8 1537.0 1046.6 1420.3 1084.6 1338.5
P1508 0.306095778942 570.3 592.7 528.9 603.8 512.4 506.8 553.9 495.7
P1508 0.257904469967 747.0 925.8 648.4 1059.1 561.6 965.0 660.2 831.7
P1508 0.24867784977 1091.4 2379.9 1008.0 2486.5 944.8 2407.7 1028.2 2301.2
P1508 0.214421257377 1140.8 2779.4 1044.8 2901.2 968.1 2791.2 1064.1 2669.4
P1508 0.19279332459 792.4 1454.5 681.2 1587.4 596.5 1476.3 707.7 1343.5
P1508 0.186209395528 1344.9 2356.1 1202.9 2498.1 1123.4 2390.4 1265.3 2248.4
P1508 0.17328107357 1385.0 1936.0 1279.2 2050.9 1226.6 1955.0 1332.3 1840.1
P1508 0.163931071758 1188.1 905.3 1072.0 1061.3 985.7 961.1 1101.8 805.1
P1508 0.163399502635 1193.7 1937.2 1072.9 2076.9 994.6 1969.2 1115.4 1829.5
P1508 0.103240810335 951.9 918.0 848.3 1049.0 765.1 940.5 868.6 809.5
P1384 0.212562769651 2255.4 2031.8 2251.3 2053.3 2221.4 2050.4 2225.5 2029.0
P1384 0.197020173073 1597.6 1923.1 1597.6 1945.0 1566.4 1945.0 1566.4 1923.1
P1384 0.175365909934 2234.2 2035.5 2218.2 2050.3 2201.6 2040.5 2217.5 2025.7
P1384 0.150795221329 1911.1 2042.0 1903.6 2058.5 1883.9 2048.4 1891.4 2031.9
P1384 0.139057859778 2048.1 2087.9 2044.7 2110.9 2027.6 2107.4 2031.1 2084.4
P1384 0.133701071143 2279.8 2044.0 2275.2 2059.6 2251.4 2054.6 2256.0 2038.9
P1384 0.131676226854 1946.2 2050.8 1928.4 2066.5 1912.7 2050.5 1930.4 2034.8
P1384 0.130396783352 1532.7 1976.5 1528.4 1991.1 1510.1 1986.3 1514.4 1971.7
P1384 0.123665310442 2199.9 2091.2 2194.5 2103.7 2177.1 2096.8 2182.5 2084.3
P1384 0.122945442796 2734.9 2013.3 2730.8 2019.9 2716.3 2012.9 2720.5 2006.4
P1384 0.12240857631 2027.0 2206.8 2021.8 2226.2 2007.8 2220.6 2012.9 2201.2
P1384 0.120835214853 2035.1 2556.2 2027.2 2564.3 2016.6 2552.5 2024.6 2544.3
P1384 0.119297653437 2629.0 2896.4 2620.2 2927.8 2604.9 2924.7 2613.7 2893.3
P1384 0.11784490943 2003.0 2059.8 1999.2 2076.7 1976.1 2072.2 1979.9 2055.3
P1384 0.117358312011 2134.9 2019.5 2128.0 2035.9 2108.0 2031.1 2114.9 2014.7
P1384 0.116174533963 2082.7 1551.7 2082.7 1572.7 2063.0 1572.7 2063.0 1551.7
P1384 0.114489562809 2082.1 1941.9 2079.6 1961.1 2055.6 1958.1 2058.1 1938.9
P1384 0.114399127662 2631.8 2868.2 2625.9 2897.2 2611.8 2895.4 2617.7 2866.5
P1384 0.113971158862 2562.2 2334.3 2557.6 2353.0 2544.6 2348.7 2549.2 2330.1
P1384 0.109568305314 2668.2 3055.6 2665.1 3071.5 2654.1 3067.4 2657.2 3051.5
P1384 0.1094205603 1876.2 2029.6 1875.1 2047.8 1862.1 2046.0 1863.1 2027.7
P1384 0.109335698187 5581.0 1518.5 5543.8 1538.1 5534.7 1508.5 5571.9 1488.8
P1384 0.109290190041 4517.2 4729.6 4503.8 4740.2 4494.5 4730.9 4508.0 4720.3
P1384 0.107560202479 2213.0 2224.0 2200.5 2231.5 2188.6 2213.2 2201.0 2205.7
P1384 0.107208050787 2588.5 2411.7 2578.0 2422.7 2565.9 2414.0 2576.4 2403.0
P1384 0.106940984726 2084.2 2221.2 2077.5 2237.2 2061.6 2229.1 2068.3 2213.1
P1384 0.105969563127 2034.2 1547.3 2031.0 1565.5 2016.1 1561.5 2019.2 1543.3
P1384 0.105363503098 2700.1 2883.5 2694.8 2906.8 2680.9 2903.6 2686.2 2880.3
P1384 0.105302527547 1529.9 1796.0 1521.6 1810.0 1505.4 1800.7 1513.7 1786.8
P1384 0.104521967471 2067.2 2548.1 2067.2 2568.5 2048.1 2568.5 2048.1 2548.1
P1384 0.103643216193 1734.6 2020.2 1715.0 2036.4 1692.1 2014.3 1711.7 1998.1
P1384 0.102703154087 2054.7 1940.2 2050.7 1956.0 2028.1 1950.8 2032.2 1935.0
P1384 0.101421527565 2172.5 1572.5 2168.2 1587.8 2157.9 1584.2 2162.2 1568.8
P0654 0.315259099007 1113.8 1039.3 1074.2 1073.5 1011.4 1044.4 1050.9 1010.2
P1483 0.344831764698 1061.7 1368.7 1061.7 1554.4 941.5 1554.4 941.5 1368.7
P1483 0.255218476057 803.0 1469.8 753.6 1576.2 689.4 1498.8 738.8 1392.4
P2570 0.220750749111 549.8 1074.4 536.7 1084.4 526.2 1064.7 539.3 1054.6
P1147 0.10079613328 4570.0 947.9 4554.9 974.4 4513.9 951.6 4529.0 925.2
P2220 0.101740404963 802.1 650.6 793.3 657.5 785.9 647.3 794.8 640.5
P1398 0.393826633692 3830.1 2356.0 3830.1 2416.3 3753.8 2416.3 3753.8 2356.0
P1398 0.332120418549 3923.2 3626.4 3923.2 3705.0 3892.0 3705.0 3892.0 3626.4
P1398 0.159197211266 647.8 4674.7 647.8 4714.0 581.2 4714.0 581.2 4674.7
P1398 0.149449780583 908.1 4981.2 846.8 4991.1 838.8 4934.0 900.0 4924.1
P1398 0.134256571531 4042.3 895.9 4042.3 931.8 4014.1 931.8 4014.1 895.9
P1398 0.112165883183 4055.5 413.1 4055.5 470.3 4009.1 470.3 4009.1 413.1
P1398 0.104181453586 4040.3 1069.5 4040.3 1102.9 4008.1 1102.9 4008.1 1069.5
P1398 0.101146914065 4035.1 1420.1 4035.1 1471.7 3996.3 1471.7 3996.3 1420.1
P1854 0.135953068733 9043.5 1560.1 9043.5 1579.5 9025.2 1579.5 9025.2 1560.1
P1854 0.126734107733 9594.8 586.5 9576.5 606.8 9561.5 593.6 9579.8 573.4
P1854 0.124631375074 7505.7 1942.9 7493.3 2001.8 7410.3 1971.8 7422.7 1912.9
P1854 0.123448878527 1642.7 3521.3 1642.7 3570.7 1593.3 3570.7 1593.3 3521.3
P1854 0.107025980949 11491.4 538.2 11469.9 576.7 11448.4 545.2 11469.9 506.8
P1854 0.10638884455 1521.8 1530.2 1521.8 1561.6 1497.1 1561.6 1497.1 1530.2
P1854 0.106089748442 6525.0 2021.8 6525.0 2038.9 6494.4 2038.9 6494.4 2021.8
P1854 0.105331242085 9473.4 495.6 9473.4 571.8 9441.1 571.8 9441.1 495.6
P2791 0.259671628475 4718.1 4391.0 4643.3 4469.2 4598.4 4405.2 4673.3 4326.9
P2791 0.224854812026 4527.2 4225.6 4450.0 4320.0 4421.5 4250.8 4498.8 4156.3
P2791 0.170413717628 4770.1 3953.1 4744.4 3977.8 4689.3 3921.0 4715.0 3896.3
P2791 0.168640732765 1931.4 1878.9 1884.4 1947.2 1848.9 1908.2 1895.9 1839.9
P2791 0.12147462368 2627.5 3642.6 2573.2 3720.2 2544.0 3673.6 2598.3 3596.0
P2791 0.110469669104 1233.5 2710.0 1184.0 2750.2 1146.2 2726.5 1195.8 2686.3
P1134 0.204644471407 1079.6 1500.3 1020.1 1573.4 988.4 1519.6 1047.9 1446.5
P1134 0.136767759919 1794.4 2153.4 1742.7 2222.7 1715.7 2170.9 1767.3 2101.6
P1134 0.104270808399 1120.3 973.7 1056.8 1066.7 980.3 988.7 1043.8 895.7
P0179 0.292061328888 4620.0 3692.8 4620.0 3847.4 4555.6 3847.4 4555.6 3692.8
P1179 0.170822024345 6068.6 6060.9 6068.6 6094.0 6052.3 6094.0 6052.3 6060.9
P1179 0.147602304816 2318.0 1278.3 2280.2 1335.5 2254.4 1318.3 2292.2 1261.1
P1179 0.133745208383 3288.1 4498.1 3288.1 4561.7 3252.1 4561.7 3252.1 4498.1
P1179 0.110806562006 5950.1 709.0 5950.1 774.5 5925.1 774.5 5925.1 709.0
P1376 0.168347597122 1630.5 3558.3 1605.1 3579.3 1589.0 3548.5 1614.3 3527.4
P1376 0.124741867185 888.6 2829.8 871.1 2849.9 851.0 2828.9 868.6 2808.8
P1940 0.228045344353 1063.1 -12.0 1063.1 39.5 1004.6 39.5 1004.6 -12.0
P1007 0.134617000818 597.6 48.1 597.6 91.9 581.4 91.9 581.4 48.1
P1007 0.132058754563 5152.2 1021.8 5152.2 1050.0 5139.3 1050.0 5139.3 1021.8
P1452 0.129089489579 863.2 86.9 863.2 124.6 828.1 124.6 828.1 86.9
P0961 0.124597288668 4098.9 934.4 4098.9 957.4 4081.7 957.4 4081.7 934.4
P1149 0.306265801191 2149.1 1018.0 2054.2 1161.6 1926.9 1040.8 2021.9 897.3
P1149 0.288288235664 2741.0 545.3 2656.9 640.2 2551.3 521.4 2635.4 426.5
P1149 0.260784298182 1652.9 3790.6 1539.4 3952.7 1471.8 3860.7 1585.3 3698.6
P1149 0.260151326656 3168.6 71.4 3069.8 204.4 2934.6 67.3 3033.4 -65.8
P1149 0.242246285081 1659.5 1468.8 1544.4 1601.3 1401.1 1429.0 1516.3 1296.6
P1149 0.233625382185 2318.4 884.6 2207.1 989.3 2110.1 846.3 2221.4 741.6
P1149 0.213856428862 2580.4 704.5 2469.7 843.6 2320.3 690.2 2430.9 551.1
P1149 0.189315751195 1938.9 1247.4 1816.4 1383.0 1698.3 1219.4 1820.8 1083.7
P1149 0.189154878259 1394.5 1729.2 1273.5 1880.2 1177.8 1754.1 1298.7 1603.1
P1149 0.179019749165 1217.5 1955.1 1137.4 2020.4 1082.3 1920.1 1162.4 1854.9
P1149 0.129103958607 1289.0 2277.7 1126.2 2441.5 1044.8 2300.8 1207.5 2137.0
P1149 0.119939737022 1505.1 3443.2 1373.4 3578.7 1243.4 3455.4 1375.1 3319.9
P1149 0.117823116481 1404.7 2791.8 1256.1 2979.4 1160.8 2851.2 1309.4 2663.6
P1149 0.105463713408 1222.3 2020.0 1222.3 2183.6 1085.2 2183.6 1085.2 2020.0
P5155 0.100663028657 470.6 224.0 456.8 231.6 445.1 218.0 458.9 210.4
P0651 0.167828068137 107.6 35.9 77.4 60.9 40.7 32.7 70.9 7.7
P0004 0.132428973913 340.7 1184.9 340.7 1347.4 303.2 1347.4 303.2 1184.9
P0079 0.115951441228 141.6 376.9 130.4 422.9 20.8 377.3 32.0 331.2
P1410 0.277860343456 1014.4 4637.0 1005.7 4651.1 925.9 4592.6 934.7 4578.5
P1410 0.154699712992 3085.7 5207.9 3083.1 5233.9 3037.4 5218.6 3040.0 5192.5
P1410 0.13591568172 4022.3 1578.6 4022.3 1601.1 4004.1 1601.1 4004.1 1578.6
P1410 0.129296183586 2990.4 3853.1 2990.4 3885.9 2941.4 3885.9 2941.4 3853.1
P1410 0.110014818609 5183.9 5786.8 5183.9 5816.0 5163.7 5816.0 5163.7 5786.8
P1410 0.100145362318 4231.7 1490.0 4231.7 1512.9 4221.1 1512.9 4221.1 1490.0
P2242 0.147017598152 1106.9 297.4 1106.9 346.3 1071.9 346.3 1071.9 297.4
P2242 0.132182911038 2084.7 495.1 2084.7 518.6 2031.2 518.6 2031.2 495.1
P2242 0.115990497172 279.3 265.7 279.3 289.2 243.9 289.2 243.9 265.7
P1995 0.104621998966 1528.2 512.0 1528.2 597.2 1507.3 597.2 1507.3 512.0
P1995 0.100780040026 31.1 952.6 31.1 993.4 4.8 993.4 4.8 952.6
P1390 0.539092361927 4240.3 2862.6 4240.3 2969.4 4194.8 2969.4 4194.8 2862.6
P1390 0.517710924149 4255.9 2869.1 4255.9 2930.4 4234.7 2930.4 4234.7 2869.1
P1390 0.500674545765 4413.2 2870.8 4413.2 2944.3 4383.8 2944.3 4383.8 2870.8
P1390 0.497223138809 4161.2 2869.8 4161.2 2929.5 4139.2 2929.5 4139.2 2869.8
P1390 0.494058310986 4297.3 2866.4 4297.3 2949.3 4260.0 2949.3 4260.0 2866.4
P1390 0.479894071817 4318.6 2866.3 4318.6 2925.4 4294.7 2925.4 4294.7 2866.3
P1390 0.467256367207 4196.7 2860.5 4196.7 2939.9 4167.1 2939.9 4167.1 2860.5
P1390 0.201320841908 129.0 2541.1 129.0 2658.6 91.0 2658.6 91.0 2541.1
P1390 0.157835498452 72.5 2525.3 72.5 2590.1 18.9 2590.1 18.9 2525.3
P1390 0.11817574501 2974.6 1487.0 2974.6 1524.6 2932.9 1524.6 2932.9 1487.0
P1390 0.108003884554 87.3 2574.7 87.3 2598.5 69.9 2598.5 69.9 2574.7
P1529 0.175349518657 1707.7 1508.9 1664.5 1619.4 1584.9 1574.2 1628.1 1463.6
P2488 0.112245798111 1569.9 27.1 1561.8 36.4 1545.3 23.5 1553.3 14.3
P0168 0.242255404592 1495.1 1028.6 1448.2 1047.4 1429.2 998.5 1476.2 979.7
P0168 0.216194778681 1476.0 1059.0 1438.3 1082.8 1416.0 1041.5 1453.8 1017.6
P0168 0.138781175017 1669.3 1095.6 1648.7 1124.9 1615.3 1099.4 1635.9 1070.2
P0168 0.129356458783 1641.1 1254.1 1626.9 1268.8 1610.2 1253.6 1624.4 1238.8
P0168 0.126470327377 1684.2 1020.0 1654.8 1035.1 1640.6 1005.5 1670.1 990.4
P0168 0.11283184588 1705.2 975.9 1690.0 997.5 1665.8 980.3 1681.1 958.7
P2230 0.109418101609 1266.6 692.4 1260.5 705.3 1240.5 699.6 1246.6 686.7
P2230 0.10341103375 597.4 976.9 597.4 1015.0 559.0 1015.0 559.0 976.9
P1122 0.114154331386 1574.8 2948.6 1574.8 3055.0 1477.3 3055.0 1477.3 2948.6
P0003 0.100076578557 493.5 31.5 493.5 69.0 414.3 69.0 414.3 31.5
P2236 0.169156804681 1129.0 452.2 1116.3 485.8 1095.3 480.2 1108.0 446.6
P0217 0.122489638627 1310.7 414.9 1271.1 429.5 1254.3 389.0 1294.0 374.5
P2082 0.25127568841 709.5 523.7 709.5 568.3 692.8 568.3 692.8 523.7
P2082 0.219556033611 743.7 528.0 743.7 571.2 728.8 571.2 728.8 528.0
P2082 0.10187420994 184.8 969.5 184.8 1059.2 163.8 1059.2 163.8 969.5
P2027 0.101236999035 49.7 439.0 49.7 477.0 26.7 477.0 26.7 439.0
P2689 0.194744005799 5005.4 2890.1 5005.4 2977.6 4967.3 2977.6 4967.3 2890.1
P2689 0.125410541892 5098.8 803.8 5083.2 813.7 5075.6 790.7 5091.3 780.8
P2689 0.122690789402 5266.4 1049.5 5247.8 1062.5 5231.6 1042.4 5250.2 1029.3
P2689 0.105012580752 3329.7 1535.3 3300.9 1547.5 3290.5 1523.8 3319.3 1511.7
P2689 0.10212880373 5057.9 1184.1 5014.0 1190.2 5010.4 1155.9 5054.2 1149.8
P0086 0.101220592856 604.9 934.6 604.9 963.2 574.9 963.2 574.9 934.6
P2271 0.202915579081 1738.9 1393.7 1722.0 1406.8 1704.6 1376.9 1721.6 1363.8
P2271 0.193355053663 1623.0 1439.1 1613.2 1473.5 1581.0 1459.4 1590.8 1425.0
P2271 0.170057356358 4170.2 1523.1 4170.2 1552.6 4138.0 1552.6 4138.0 1523.1
P2271 0.159195706248 1534.3 1724.4 1525.8 1738.0 1508.7 1726.5 1517.2 1712.9
P2271 0.122245766222 4497.6 1547.4 4497.6 1600.9 4450.6 1600.9 4450.6 1547.4
P2271 0.113885313272 4627.1 1554.8 4627.1 1601.7 4585.5 1601.7 4585.5 1554.8
P2271 0.113790802658 550.8 1559.9 539.2 1572.6 509.9 1539.5 521.6 1526.8
P2271 0.100736938417 2024.9 22.3 2024.9 45.1 2010.1 45.1 2010.1 22.3
P1992 0.103387951851 869.0 1051.6 869.0 1088.4 835.5 1088.4 835.5 1051.6
P1101 0.131671205163 822.3 -7.9 822.3 28.0 784.0 28.0 784.0 -7.9
P2256 0.103018499911 304.7 92.9 302.8 115.9 274.6 111.7 276.5 88.7
P2802 0.154501110315 1749.5 1531.7 1739.6 1545.6 1726.4 1535.3 1736.3 1521.3
P2802 0.116746217012 1570.5 5069.4 1506.9 5095.7 1496.9 5062.5 1560.5 5036.2
P2802 0.11474609375 1755.2 1578.0 1749.2 1590.9 1737.8 1585.3 1743.7 1572.4
P7746 0.110133081675 479.3 941.4 441.1 981.0 413.0 952.7 451.2 913.1
P0019 0.16400615871 6107.7 3502.4 6107.7 3621.4 6024.5 3621.4 6024.5 3502.4
P0213 0.108264565468 790.8 1118.5 775.6 1127.7 749.0 1077.1 764.2 1067.8
P5789 0.116589017212 23579.6 11078.8 23579.6 11099.9 23552.7 11099.9 23552.7 11078.8
P5789 0.108459427953 19101.8 15316.9 19036.2 15347.3 19013.6 15294.0 19079.2 15263.7
P5789 0.104529105127 19333.8 19984.7 19298.6 19999.9 19286.2 19963.1 19321.3 19947.9
P0964 0.13778527081 925.6 1079.9 925.6 1137.8 901.2 1137.8 901.2 1079.9
P1154 0.14703270793 882.1 3008.4 783.6 3097.0 714.6 2978.7 813.2 2890.0
P1154 0.135863959789 557.6 3325.8 425.1 3485.2 271.9 3324.6 404.4 3165.3
P1154 0.125530704856 2087.3 1870.9 2087.3 2076.4 1932.4 2076.4 1932.4 1870.9
P1154 0.118895173073 812.6 3094.2 659.0 3214.1 576.1 3067.7 729.6 2947.8
P2231 0.109139889479 543.5 540.2 543.5 576.1 531.2 576.1 531.2 540.2
P0262 0.125599384308 774.1 1866.8 774.1 1885.9 741.9 1885.9 741.9 1866.8
P1156 0.209965854883 2369.5 930.1 2369.5 1113.4 2218.3 1113.4 2218.3 930.1
P1156 0.175649344921 2962.5 451.3 2962.5 624.1 2825.6 624.1 2825.6 451.3
P2214 0.10870166868 38.7 714.2 38.7 741.4 13.1 741.4 13.1 714.2
P9997 0.102016806602 64.7 3651.6 64.7 3719.6 -5.1 3719.6 -5.1 3651.6
P0161 0.16192150116 1070.3 1588.6 1056.1 1612.7 1029.6 1581.8 1043.8 1557.6
P0161 0.100521765649 987.9 1999.2 980.8 2027.2 951.5 2019.0 958.5 1991.0
P0801 0.120136804879 1061.2 603.8 1061.2 655.1 1005.4 655.1 1005.4 603.8
P0801 0.105801135302 1062.5 523.1 1062.5 551.8 1012.2 551.8 1012.2 523.1
P2587 0.106341324747 1554.3 514.6 1554.3 608.8 1465.3 608.8 1465.3 514.6
P2778 0.118670143187 1060.8 3079.0 1060.8 3101.3 1038.8 3101.3 1038.8 3079.0
P1088 0.130968168378 1035.2 480.4 1035.2 555.7 945.0 555.7 945.0 480.4
P2794 0.113441862166 2138.1 3861.5 2129.2 3877.9 2099.2 3864.5 2108.1 3848.1
P0053 0.113736286759 240.4 760.8 226.5 780.8 155.0 732.1 168.9 712.0
P2181 0.168409332633 679.2 1847.6 667.1 1862.3 650.9 1848.4 663.0 1833.7
P2181 0.11671539396 648.4 1850.0 633.6 1861.5 619.7 1844.1 634.4 1832.7
P2758 0.172349318862 3592.3 2092.6 3583.3 2107.8 3523.0 2071.5 3532.0 2056.3
P0259 0.109772823751 1106.7 1621.1 1106.7 1671.1 1066.5 1671.1 1066.5 1621.1
P6687 0.109872430563 2532.4 1638.5 2532.4 1700.9 2511.8 1700.9 2511.8 1638.5
P2630 0.107303641737 412.1 1322.3 412.1 1377.0 391.5 1377.0 391.5 1322.3
P2593 0.111409530044 1137.9 1406.6 1125.4 1422.8 1095.3 1395.9 1107.7 1379.7
