P9977 0.136366799474 596.2 313.5 596.2 586.2 319.4 586.2 319.4 313.5
P6580 0.149152293801 628.4 362.7 628.4 617.1 375.4 617.1 375.4 362.7
P5546 0.168024852872 601.2 282.4 601.2 569.5 378.7 569.5 378.7 282.4
P5546 0.109348908067 353.1 401.6 353.1 650.3 162.7 650.3 162.7 401.6
P9169 0.174800276756 636.6 395.6 636.6 680.1 399.5 680.1 399.5 395.6
P3932 0.117764547467 604.3 416.3 604.3 627.5 447.5 627.5 447.5 416.3
P6633 0.16479575634 682.6 363.4 682.6 640.5 385.5 640.5 385.5 363.4
P4957 0.12003043294 979.1 464.3 979.1 827.6 609.3 827.6 609.3 464.3
P6669 0.183312281966 479.3 425.5 479.3 697.9 172.6 697.9 172.6 425.5
P6669 0.141284242272 727.8 372.6 727.8 567.2 404.5 567.2 404.5 372.6
P6258 0.176953017712 759.0 396.2 759.0 615.2 405.0 615.2 405.0 396.2
P6258 0.111874863505 480.7 125.5 480.7 310.3 131.5 310.3 131.5 125.5
P5728 0.126570090652 629.8 497.5 629.8 818.6 310.4 818.6 310.4 497.5
P8666 0.154211267829 765.1 401.8 765.1 569.7 502.8 569.7 502.8 401.8
P4492 0.133318424225 626.5 425.5 626.5 673.8 417.2 673.8 417.2 425.5
P6162 0.109373226762 626.1 428.6 626.1 615.2 369.6 615.2 369.6 428.6
P7464 0.147023141384 641.9 371.2 641.9 592.6 410.1 592.6 410.1 371.2
P7464 0.104441598058 234.2 419.5 234.2 688.5 49.8 688.5 49.8 419.5
P7129 0.164982527494 605.6 383.4 605.6 596.3 350.4 596.3 350.4 383.4
P6661 0.179619595408 654.1 350.5 654.1 661.8 334.4 661.8 334.4 350.5
P4055 0.15758779645 641.3 444.2 641.3 687.1 394.2 687.1 394.2 444.2
P9031 0.144362673163 567.6 458.3 567.6 705.4 404.3 705.4 404.3 458.3
P9031 0.121092885733 609.3 90.2 609.3 401.7 330.9 401.7 330.9 90.2
P3140 0.180945664644 631.8 403.7 631.8 615.9 372.3 615.9 372.3 403.7
P8081 0.117925859988 449.9 379.4 449.9 616.5 2.4 616.5 2.4 379.4
P8081 0.113924793899 910.5 421.3 910.5 742.6 389.7 742.6 389.7 421.3
P5078 0.214207619429 635.3 416.2 635.3 635.1 424.3 635.1 424.3 416.2
P6898 0.122390449047 598.5 406.1 598.5 621.6 365.2 621.6 365.2 406.1
P3095 0.183531433344 651.9 444.5 651.9 719.4 384.6 719.4 384.6 444.5
P2942 0.124498099089 616.5 419.4 616.5 664.3 427.5 664.3 427.5 419.4
P4526 0.177198827267 603.2 437.2 603.2 654.5 312.8 654.5 312.8 437.2
P10994 0.149503976107 642.5 440.3 642.5 667.3 449.2 667.3 449.2 440.3
P4124 0.136299684644 587.7 286.9 587.7 541.0 408.0 541.0 408.0 286.9
P4124 0.114577330649 604.1 491.0 604.1 744.8 423.9 744.8 423.9 491.0
P4417 0.199603632092 752.9 362.3 752.9 633.7 411.7 633.7 411.7 362.3
P9690 0.144436582923 616.9 449.7 616.9 569.1 362.5 569.1 362.5 449.7
P9866 0.177110254765 628.2 397.7 628.2 613.6 343.5 613.6 343.5 397.7
P2695 0.112343259156 3990.4 390.8 3990.4 525.0 3733.1 525.0 3733.1 390.8
P10105 0.16181088984 631.7 389.2 631.7 590.3 348.4 590.3 348.4 389.2
P3032 0.149040207267 844.6 464.0 844.6 747.8 344.1 747.8 344.1 464.0
P3032 0.106824569404 456.7 188.4 456.7 430.8 50.5 430.8 50.5 188.4
P3032 0.100103721023 222.7 783.8 222.7 1036.1 -26.8 1036.1 -26.8 783.8
P7427 0.182932153344 664.5 375.8 664.5 644.4 371.9 644.4 371.9 375.8
P6418 0.159625723958 531.9 369.9 531.9 642.1 128.9 642.1 128.9 369.9
P6418 0.107081092894 939.0 374.8 939.0 596.9 505.1 596.9 505.1 374.8
P2993 0.158897474408 627.1 427.9 627.1 599.7 304.9 599.7 304.9 427.9
P9015 0.127444639802 741.7 381.2 741.7 614.7 422.8 614.7 422.8 381.2
P9016 0.185278996825 601.0 427.9 601.0 624.0 347.2 624.0 347.2 427.9
P9295 0.167652159929 610.5 416.6 610.5 634.6 448.9 634.6 448.9 416.6
P3810 0.175706416368 556.3 398.3 556.3 637.1 183.9 637.1 183.9 398.3
P3810 0.146371990442 886.1 389.8 886.1 557.5 581.5 557.5 581.5 389.8
P4083 0.148390218616 610.5 432.3 610.5 667.8 273.7 667.8 273.7 432.3
P2912 0.167494222522 824.0 404.2 824.0 551.0 579.4 551.0 579.4 404.2
P5197 0.160494744778 757.8 440.9 757.8 626.5 414.4 626.5 414.4 440.9
P10795 0.138542637229 837.4 390.9 837.4 741.2 367.0 741.2 367.0 390.9
P5752 0.186932578683 639.0 388.0 639.0 647.7 365.0 647.7 365.0 388.0
P6143 0.182015359402 681.1 393.2 681.1 650.6 363.0 650.6 363.0 393.2
P2721 0.122637867928 1634.0 1552.9 1634.0 1779.0 1457.8 1779.0 1457.8 1552.9
P2721 0.116027295589 2670.6 93.6 2670.6 326.4 2509.2 326.4 2509.2 93.6
P2721 0.111064940691 2348.5 1273.3 2348.5 1434.5 2087.5 1434.5 2087.5 1273.3
P9854 0.152623280883 404.7 409.3 404.7 634.7 15.7 634.7 15.7 409.3
P9854 0.146329343319 828.5 370.9 828.5 673.2 440.3 673.2 440.3 370.9
P5437 0.12431961298 744.7 353.5 744.7 578.3 387.3 578.3 387.3 353.5
P4265 0.117144972086 652.6 403.5 652.6 632.4 487.1 632.4 487.1 403.5
P3989 0.153978705406 723.4 325.1 723.4 598.6 352.8 598.6 352.8 325.1
P5691 0.163960576057 890.2 503.6 890.2 748.0 505.4 748.0 505.4 503.6
P5691 0.124394252896 478.9 101.8 478.9 293.9 189.2 293.9 189.2 101.8
P2982 0.167157232761 602.4 282.6 602.4 464.9 345.3 464.9 345.3 282.6
P6357 0.136202558875 593.7 406.2 593.7 621.9 434.3 621.9 434.3 406.2
P7484 0.162470281124 620.3 400.7 620.3 650.9 391.5 650.9 391.5 400.7
P8324 0.170532003045 524.5 400.6 524.5 634.9 183.3 634.9 183.3 400.6
P8324 0.12885248661 1055.4 484.2 1055.4 655.3 828.1 655.3 828.1 484.2
P8324 0.106488794088 232.7 686.3 232.7 829.3 -36.6 829.3 -36.6 686.3
P3241 0.185811579227 637.6 411.7 637.6 608.2 366.8 608.2 366.8 411.7
P4721 0.154768362641 733.2 349.1 733.2 574.4 406.5 574.4 406.5 349.1
P3957 0.188518986106 683.9 389.4 683.9 630.1 384.2 630.1 384.2 389.4
P5316 0.143136620522 567.2 435.1 567.2 576.3 316.5 576.3 316.5 435.1
P6868 0.164440095425 596.9 447.4 596.9 611.9 382.4 611.9 382.4 447.4
P5750 0.169019922614 743.0 369.4 743.0 602.3 405.4 602.3 405.4 369.4
P3817 0.148199513555 823.8 404.6 823.8 559.1 619.3 559.1 619.3 404.6
P3817 0.124471202493 663.9 407.4 663.9 644.6 404.1 644.6 404.1 407.4
P4772 0.180410593748 759.2 368.4 759.2 635.7 341.3 635.7 341.3 368.4
P4952 0.181877434254 622.2 419.5 622.2 600.3 365.4 600.3 365.4 419.5
P2956 0.128265023232 987.7 451.4 987.7 744.4 504.4 744.4 504.4 451.4
P10802 0.175723552704 651.7 335.1 651.7 620.3 248.5 620.3 248.5 335.1
P10802 0.106180943549 336.3 302.9 336.3 540.3 -76.5 540.3 -76.5 302.9
P7270 0.146041810513 730.8 294.8 730.8 564.6 369.2 564.6 369.2 294.8
P9595 0.153427541256 578.6 458.8 578.6 704.8 425.1 704.8 425.1 458.8
P7392 0.112209402025 727.8 573.6 727.8 758.2 380.2 758.2 380.2 573.6
P5925 0.104781225324 611.5 435.3 611.5 745.0 384.6 745.0 384.6 435.3
P5155 0.158328428864 413.5 261.8 413.5 510.1 -24.9 510.1 -24.9 261.8
P5155 0.152703851461 803.2 498.3 803.2 721.2 433.2 721.2 433.2 498.3
P10442 0.131987929344 547.2 109.3 547.2 454.7 232.8 454.7 232.8 109.3
P10442 0.122412107885 699.6 411.7 699.6 824.4 296.6 824.4 296.6 411.7
P2365 0.130570024252 684.7 1395.5 684.7 1552.4 494.8 1552.4 494.8 1395.5
P4164 0.171211346984 647.7 386.2 647.7 641.4 372.3 641.4 372.3 386.2
P3367 0.133304327726 459.9 395.7 459.9 624.0 167.9 624.0 167.9 395.7
P3367 0.126062035561 1028.3 452.4 1028.3 783.1 519.6 783.1 519.6 452.4
P3365 0.128264695406 639.7 367.0 639.7 668.8 276.3 668.8 276.3 367.0
P4962 0.171021133661 425.3 402.1 425.3 593.3 66.8 593.3 66.8 402.1
P4962 0.154257535934 779.3 411.6 779.3 624.4 425.0 624.4 425.0 411.6
P5334 0.146317839622 959.4 206.0 959.4 502.0 525.1 502.0 525.1 206.0
P5334 0.144789814949 458.1 388.9 458.1 614.8 18.6 614.8 18.6 388.9
P10137 0.102529115975 595.6 428.3 595.6 583.4 392.1 583.4 392.1 428.3
P3407 0.126478850842 606.3 435.7 606.3 639.7 452.8 639.7 452.8 435.7
P5949 0.192145198584 617.4 405.1 617.4 654.6 243.0 654.6 243.0 405.1
P5949 0.156903073192 287.7 420.0 287.7 647.5 -51.8 647.5 -51.8 420.0
P4278 0.13325804472 749.7 408.7 749.7 722.8 382.1 722.8 382.1 408.7
P10251 0.134374126792 704.6 304.8 704.6 618.8 355.2 618.8 355.2 304.8
P2271 0.123784407973 4175.3 2477.1 4175.3 2670.6 3972.5 2670.6 3972.5 2477.1
P1398 0.102469876409 580.8 6280.4 580.8 6493.4 319.2 6493.4 319.2 6280.4
P10210 0.124839782715 603.6 382.5 603.6 621.4 424.4 621.4 424.4 382.5
P6135 0.172412753105 590.8 448.1 590.8 731.5 309.3 731.5 309.3 448.1
P10810 0.102033466101 637.3 432.9 637.3 595.0 430.5 595.0 430.5 432.9
P2385 0.105959706008 1351.1 -26.4 1351.1 270.5 949.2 270.5 949.2 -26.4
P4918 0.112903781235 612.4 380.5 612.4 607.3 351.6 607.3 351.6 380.5
P2724 0.135583505034 3553.3 997.4 3553.3 1214.4 3242.8 1214.4 3242.8 997.4
P2724 0.111567266285 3137.4 460.2 3137.4 639.6 2858.6 639.6 2858.6 460.2
