P2754 0.562399327755 2928.3 1505.0 2887.0 1545.6 2851.6 1483.6 2892.9 1442.9
P2754 0.456128388643 2945.0 1394.4 2915.0 1418.2 2889.0 1377.4 2919.1 1353.7
P2754 0.378965526819 2848.0 1420.8 2807.9 1475.7 2761.8 1431.2 2801.9 1376.3
P2754 0.184183195233 1106.6 596.6 1106.6 767.2 993.1 767.2 993.1 596.6
P2754 0.14938493073 2770.1 1071.3 2758.4 1109.4 2721.8 1100.6 2733.4 1062.5
P2754 0.121674314141 2525.2 2368.0 2525.2 2403.9 2471.5 2403.9 2471.5 2368.0
P2754 0.116740137339 2940.3 1339.5 2933.9 1371.4 2912.5 1367.3 2918.9 1335.4
P2754 0.111443959177 2929.5 1409.3 2913.5 1457.2 2882.8 1441.8 2898.8 1393.9
P2085 0.509065747261 765.9 258.2 687.6 310.7 637.3 185.8 715.6 133.3
P2085 0.46093031764 976.2 285.2 893.2 325.9 852.8 200.5 935.9 159.8
P2085 0.335457533598 610.0 246.5 534.8 285.4 497.4 158.5 572.5 119.6
P0457 0.22861328721 918.3 532.3 801.3 620.8 678.5 431.1 795.5 342.5
P0457 0.170600757003 1075.8 435.3 967.3 525.3 847.0 351.1 955.5 261.2
P2375 0.218751430511 936.6 652.3 831.9 687.6 778.7 511.8 883.4 476.5
P2404 0.363048702478 3226.3 608.0 3189.7 614.9 3176.8 555.3 3213.4 548.4
P2404 0.156737059355 3183.6 530.2 3183.6 609.6 3147.0 609.6 3147.0 530.2
P2404 0.13051314652 3206.7 628.5 3177.7 637.8 3166.0 598.8 3195.1 589.5
P1242 0.236051306129 1437.3 2023.5 1435.1 2048.7 1414.6 2045.8 1416.8 2020.6
P1242 0.134617626667 1953.2 3123.1 1950.8 3140.9 1915.1 3129.2 1917.6 3111.4
P1242 0.110746726394 1746.6 2823.0 1739.4 2842.4 1720.8 2835.6 1728.0 2816.3
P1474 0.230647578835 2043.0 2537.1 2043.0 2571.9 2009.2 2571.9 2009.2 2537.1
P1474 0.156815350056 1920.1 3291.1 1920.1 3320.7 1892.4 3320.7 1892.4 3291.1
P1474 0.156744837761 3032.0 2310.4 3005.2 2315.0 2996.4 2269.1 3023.2 2264.5
P1474 0.140421286225 1856.4 2604.1 1740.7 2623.4 1708.0 2432.6 1823.8 2413.4
P1474 0.131742730737 1915.5 3260.1 1915.5 3294.6 1881.6 3294.6 1881.6 3260.1
P2547 0.173080027103 929.0 1833.6 929.0 1898.7 834.2 1898.7 834.2 1833.6
P1854 0.222826659679 12858.0 787.5 12821.3 818.4 12783.3 776.2 12820.0 745.2
P1854 0.189552038908 12813.9 847.8 12745.5 884.6 12694.7 804.3 12763.1 767.6
P1854 0.185933306813 12712.1 592.7 12683.6 612.4 12660.0 578.5 12688.4 558.8
P1854 0.185108318925 12784.9 898.3 12679.5 972.4 12594.9 841.6 12700.3 767.5
P1854 0.17702665925 12514.3 729.9 12483.9 743.0 12466.5 706.3 12496.9 693.2
P1854 0.149595335126 12664.6 528.9 12638.4 543.8 12619.1 513.3 12645.3 498.3
P1854 0.136559456587 12809.8 725.9 12775.4 746.6 12746.1 707.9 12780.5 687.2
P1854 0.130069628358 12672.4 580.1 12672.4 679.5 12571.1 679.5 12571.1 580.1
P1854 0.120454534888 3009.9 2854.0 3009.9 2941.3 2937.9 2941.3 2937.9 2854.0
P1854 0.102435871959 12654.1 884.9 12654.1 949.8 12590.5 949.8 12590.5 884.9
P1240 0.303612679243 3023.1 2312.5 3005.1 2317.1 2999.4 2283.0 3017.4 2278.4
P1240 0.296758264303 3047.5 2300.3 3032.8 2307.4 3020.4 2280.3 3035.1 2273.3
P1240 0.27824446559 2977.9 2359.0 2961.9 2362.5 2946.3 2325.1 2962.3 2321.6
P1240 0.147325232625 1139.8 93.3 1110.1 122.4 1072.4 80.1 1102.1 51.0
P1240 0.141804382205 2540.6 1719.2 2523.3 1725.3 2503.1 1683.9 2520.4 1677.8
P1240 0.121850565076 2996.2 2356.2 2982.6 2359.4 2968.1 2327.4 2981.7 2324.1
P1240 0.114621080458 2317.8 2001.4 2317.8 2019.5 2293.9 2019.5 2293.9 2001.4
P2502 0.127040103078 470.5 614.2 454.6 642.2 420.8 621.3 436.7 593.3
P2502 0.112282529473 496.1 584.6 473.9 617.2 427.8 595.9 449.9 563.3
P2502 0.109213471413 712.9 1854.2 659.8 1893.4 594.2 1860.9 647.2 1821.8
P0242 0.279357284307 173.8 469.3 173.8 589.6 103.8 589.6 103.8 469.3
P1315 0.144797280431 1040.5 1944.9 1040.5 1970.7 1010.1 1970.7 1010.1 1944.9
P1315 0.116261608899 1098.9 2496.3 1098.9 2531.5 1072.7 2531.5 1072.7 2496.3
P1315 0.111822269857 625.4 2406.3 613.5 2427.9 585.9 2421.4 597.7 2399.8
P1315 0.111754007638 1023.4 1917.5 1023.4 1941.8 1003.8 1941.8 1003.8 1917.5
P1315 0.107619285583 325.2 2512.6 312.0 2525.1 296.1 2507.3 309.2 2494.8
P2768 0.341633141041 718.4 1760.0 718.4 1798.3 686.1 1798.3 686.1 1760.0
P2768 0.245605587959 748.4 1761.3 748.4 1797.5 719.1 1797.5 719.1 1761.3
P2768 0.152963981032 911.6 2000.6 911.6 2034.3 894.0 2034.3 894.0 2000.6
P2768 0.145883128047 912.0 2059.6 912.0 2088.9 893.2 2088.9 893.2 2059.6
P2768 0.142346486449 889.5 1758.5 889.5 1799.2 857.7 1799.2 857.7 1758.5
P2768 0.120754674077 850.6 1758.1 850.6 1800.0 825.1 1800.0 825.1 1758.1
P2768 0.115958057344 918.1 1755.2 918.1 1794.9 885.3 1794.9 885.3 1755.2
P1471 0.307211130857 2602.5 520.8 2602.5 699.6 2505.6 699.6 2505.6 520.8
P1471 0.294137448072 2490.5 511.4 2490.5 732.6 2361.8 732.6 2361.8 511.4
P1471 0.250780373812 4085.3 782.6 4085.3 950.3 3942.3 950.3 3942.3 782.6
P1471 0.211950063705 3955.3 4483.6 3955.3 4600.2 3888.4 4600.2 3888.4 4483.6
P1471 0.167082384229 4097.3 4489.9 4097.3 4593.6 4042.3 4593.6 4042.3 4489.9
P1471 0.134974256158 3247.2 1097.8 3247.2 1338.8 3085.0 1338.8 3085.0 1097.8
P1471 0.134538561106 568.4 1995.3 568.4 2201.1 427.5 2201.1 427.5 1995.3
P1471 0.120547927916 2372.1 514.4 2372.1 737.4 2232.2 737.4 2232.2 514.4
P1471 0.111534170806 4113.1 825.1 4113.1 907.3 4059.0 907.3 4059.0 825.1
P1471 0.104207001626 4454.4 2533.2 4454.4 2630.9 4367.2 2630.9 4367.2 2533.2
P1371 0.174471795559 2941.3 640.6 2936.3 670.2 2919.3 668.8 2924.3 639.2
P1342 0.118949174881 2021.0 3481.6 2021.0 3506.2 1998.2 3506.2 1998.2 3481.6
P0704 0.143334060907 1626.8 1296.7 1543.3 1341.9 1490.0 1217.7 1573.5 1172.5
P1432 0.580903887749 1824.5 1152.5 1772.2 1179.5 1738.8 1106.9 1791.1 1079.9
P1432 0.521289288998 384.9 3082.2 337.1 3116.6 272.8 3049.0 320.6 3014.6
P1432 0.493610709906 1876.0 958.4 1831.5 979.4 1798.2 915.5 1842.7 894.5
P1432 0.489788293839 1873.6 1143.1 1832.4 1169.3 1800.8 1115.1 1841.9 1088.9
P1432 0.412551522255 414.1 3163.6 366.4 3202.5 307.2 3127.8 354.9 3088.9
P1432 0.398268640041 3161.0 2701.7 3104.6 2730.7 3065.2 2645.5 3121.6 2616.5
P1432 0.360651552677 1445.5 1735.5 1389.5 1747.3 1366.2 1651.7 1422.2 1639.8
P1432 0.329044371843 1817.2 897.8 1817.2 971.1 1745.8 971.1 1745.8 897.8
P1432 0.163524344563 1624.7 2574.0 1576.1 2617.2 1531.8 2549.0 1580.4 2505.8
P1432 0.115244545043 1739.5 927.4 1739.5 1115.8 1592.1 1115.8 1592.1 927.4
P1432 0.114485874772 2799.4 3046.0 2799.4 3133.9 2740.2 3133.9 2740.2 3046.0
P2587 0.163292467594 1080.3 613.3 1033.9 750.5 940.6 709.2 987.0 572.1
P2587 0.101729556918 999.9 600.6 936.7 716.7 851.6 666.7 914.7 550.7
P2563 0.393886834383 906.8 425.6 906.8 602.1 800.5 602.1 800.5 425.6
P2563 0.369020700455 1306.3 410.9 1306.3 568.6 1185.8 568.6 1185.8 410.9
P1463 0.636815369129 949.5 1235.8 856.9 1325.1 751.2 1182.4 843.8 1093.1
P1463 0.589435279369 1078.1 1309.3 970.0 1390.0 870.3 1222.4 978.4 1141.7
P1463 0.55161511898 1041.5 1040.5 938.4 1110.1 850.8 953.6 953.8 884.0
P1463 0.310160338879 1154.5 1096.8 1065.4 1156.7 992.8 1026.0 1081.8 966.0
P1463 0.15235671401 2634.8 1808.6 2542.2 2001.5 2369.8 1882.0 2462.4 1689.1
P1463 0.144237726927 2491.5 2117.0 2400.0 2274.3 2249.4 2150.1 2340.9 1992.7
P1463 0.134497120976 2652.8 2079.5 2652.8 2340.4 2430.7 2340.4 2430.7 2079.5
P1463 0.103143289685 2916.0 2690.6 2861.2 2784.7 2784.2 2740.8 2839.0 2646.7
P1463 0.101360753179 2811.4 1873.2 2718.4 2080.3 2529.8 1968.9 2622.8 1761.7
P3107 0.101405225694 602.0 204.8 596.3 228.5 578.6 224.3 584.4 200.6
P1456 0.502460539341 473.1 801.4 473.1 1003.1 338.4 1003.1 338.4 801.4
P1456 0.489867001772 523.1 1827.8 424.0 1850.6 393.5 1680.8 492.6 1658.1
P1456 0.488924622536 474.2 1052.9 474.2 1254.9 345.5 1254.9 345.5 1052.9
P1456 0.483143597841 475.0 1301.2 475.0 1495.0 344.2 1495.0 344.2 1301.2
P1456 0.442370295525 1009.8 1658.7 1009.8 1849.5 882.5 1849.5 882.5 1658.7
P1456 0.439490884542 766.6 1664.1 766.6 1843.8 644.6 1843.8 644.6 1664.1
P1456 0.438555449247 882.2 1666.9 882.2 1840.9 769.1 1840.9 769.1 1666.9
P1456 0.428524285555 394.5 1668.0 394.5 1846.9 281.0 1846.9 281.0 1668.0
P1456 0.387744069099 632.7 1664.4 632.7 1843.8 515.8 1843.8 515.8 1664.4
P1410 0.536375045776 4183.6 1676.3 4140.3 1704.6 4122.9 1655.6 4166.2 1627.3
P1410 0.130825802684 3777.1 3496.4 3777.1 3531.2 3763.3 3531.2 3763.3 3496.4
P1410 0.100106619298 1682.9 4547.5 1650.4 4582.7 1617.1 4552.9 1649.6 4517.7
P0833 0.641013085842 1437.9 482.0 1352.8 542.6 1278.9 409.6 1364.1 349.0
P0833 0.606277942657 524.5 303.7 442.8 396.5 343.2 273.9 424.9 181.1
P0833 0.576236844063 1524.0 725.0 1427.3 792.3 1351.5 646.1 1448.2 578.8
P0833 0.562479436398 1305.8 533.0 1218.4 589.0 1153.8 446.2 1241.2 390.2
P0833 0.555078089237 741.3 122.0 657.3 232.3 543.5 112.2 627.5 2.0
P0833 0.470070421696 320.9 463.7 233.2 574.8 124.0 450.3 211.7 339.2
P0833 0.459385454655 625.7 222.1 536.7 315.2 442.9 187.8 532.0 94.7
P0833 0.445721685886 422.1 368.2 340.5 485.0 229.6 377.0 311.2 260.2
P2197 0.214966446161 1763.2 746.2 1763.2 770.1 1745.5 770.1 1745.5 746.2
P2197 0.212025478482 911.6 301.0 822.5 409.9 732.8 308.7 821.9 199.7
P2197 0.162920966744 890.2 478.8 890.2 652.7 736.9 652.7 736.9 478.8
P0352 0.265234977007 949.3 127.5 888.0 179.6 827.8 91.0 889.1 38.9
P0352 0.196541756392 899.4 164.9 832.6 259.2 743.1 157.2 809.9 62.9
P0352 0.108504392207 996.3 -28.0 996.3 103.8 887.2 103.8 887.2 -28.0
P2194 0.509253680706 1150.4 422.7 1150.4 515.7 1092.2 515.7 1092.2 422.7
P2044 0.53201186657 335.4 534.4 283.2 550.7 269.9 464.9 322.1 448.7
P2044 0.359302192926 394.2 453.3 394.2 538.3 344.3 538.3 344.3 453.3
P5789 0.156064301729 27663.1 5014.1 27644.4 5019.0 27637.2 4998.4 27656.0 4993.5
P5789 0.150710910559 12477.7 1026.1 12460.1 1030.7 12455.3 1009.8 12472.9 1005.2
P5789 0.150408878922 27369.7 3666.9 27361.3 3680.8 27346.9 3665.4 27355.4 3651.5
P5789 0.141369834542 12452.6 1022.3 12435.2 1022.6 12431.6 997.8 12449.0 997.6
P5789 0.116437070072 24722.1 17002.1 24708.0 17033.5 24673.5 17018.9 24687.6 16987.5
P5789 0.110991664231 10469.2 2082.8 10450.5 2091.5 10438.9 2065.4 10457.6 2056.7
P5789 0.106960095465 26600.8 7106.9 26584.1 7116.0 26571.8 7088.6 26588.5 7079.5
P2714 0.234194472432 551.8 421.2 549.6 444.1 517.4 437.9 519.6 415.1
P2714 0.127006933093 2266.2 1987.0 2266.2 2028.2 2241.0 2028.2 2241.0 1987.0
P2714 0.118657074869 3766.5 870.5 3748.4 905.2 3724.6 895.3 3742.6 860.6
P2714 0.115313820541 1204.4 1676.1 1192.9 1697.9 1175.6 1689.2 1187.1 1667.4
P2714 0.108691684902 2425.0 430.6 2425.0 446.2 2402.2 446.2 2402.2 430.6
P2714 0.103241868317 1340.9 2001.7 1319.2 1999.8 1318.9 1967.5 1340.7 1969.4
P2714 0.101487956941 1206.4 1863.7 1189.0 1875.2 1174.4 1868.6 1191.8 1857.1
P2714 0.100823149085 3288.4 1478.8 3275.2 1513.4 3257.2 1501.7 3270.4 1467.1
P2714 0.100604832172 1837.7 2432.5 1829.1 2445.6 1806.6 2432.8 1815.2 2419.8
P1332 0.169159069657 3317.0 -3.0 3317.0 23.2 3278.0 23.2 3278.0 -3.0
P1672 0.104571536183 3818.3 315.5 3804.8 329.9 3786.8 313.1 3800.3 298.6
P1373 0.332818448544 2055.1 2569.2 2039.1 2581.7 2014.3 2547.1 2030.3 2534.6
P1373 0.292439818382 2277.0 1819.5 2271.9 1859.7 2245.8 1857.3 2250.9 1817.1
P1373 0.280519962311 2251.1 1818.5 2247.6 1853.6 2217.6 1849.8 2221.2 1814.7
P1373 0.263233363628 2033.1 2580.5 2021.2 2586.8 2003.8 2559.4 2015.8 2553.2
P1373 0.248590067029 2075.8 2561.7 2057.6 2572.3 2031.6 2530.1 2049.7 2519.5
P1373 0.149544641376 1308.8 927.2 1297.2 934.0 1281.0 909.5 1292.5 902.7
P1373 0.147359579802 1725.1 2538.7 1711.4 2550.5 1686.5 2520.4 1700.3 2508.6
P1373 0.136643186212 1742.8 2532.6 1726.0 2540.7 1710.0 2510.8 1726.8 2502.7
P1373 0.114298395813 1744.7 1080.8 1716.4 1111.8 1683.8 1082.7 1712.2 1051.8
P2721 0.159161537886 1811.5 1700.0 1800.6 1707.6 1782.6 1688.2 1793.6 1680.6
P2721 0.157598927617 738.5 2135.2 738.5 2176.2 714.6 2176.2 714.6 2135.2
P2721 0.140266820788 2843.0 1394.5 2843.0 1417.1 2824.9 1417.1 2824.9 1394.5
P2721 0.133196413517 980.3 567.3 980.3 596.7 967.0 596.7 967.0 567.3
P2721 0.132871732116 759.3 2144.3 759.3 2174.5 740.6 2174.5 740.6 2144.3
P2721 0.130592033267 3790.7 1353.7 3790.7 1386.8 3772.4 1386.8 3772.4 1353.7
P2721 0.111553795636 3111.4 2352.1 3096.9 2391.7 3052.9 2373.1 3067.5 2333.4
P2721 0.111534334719 705.1 1008.4 705.1 1027.7 681.5 1027.7 681.5 1008.4
P2721 0.109504327178 1181.5 1786.0 1181.5 1817.7 1158.0 1817.7 1158.0 1786.0
P2721 0.107120290399 961.0 2213.5 961.0 2272.0 932.2 2272.0 932.2 2213.5
P2721 0.101715162396 1922.2 1758.9 1912.6 1767.0 1906.0 1757.8 1915.5 1749.7
P2721 0.10006120801 3763.7 1342.9 3763.7 1373.6 3744.8 1373.6 3744.8 1342.9
P1314 0.119391158223 3743.2 2689.5 3737.3 2714.6 3716.7 2707.3 3722.5 2682.3
P0374 0.627794265747 794.2 527.4 696.0 587.1 625.0 444.0 723.1 384.3
P0374 0.599475383759 886.1 455.8 798.4 513.0 724.9 380.4 812.5 323.2
P0374 0.341274857521 1260.8 577.1 1185.3 648.9 1107.3 529.3 1182.8 457.5
P2331 0.349800914526 778.6 1464.4 778.6 1497.2 752.8 1497.2 752.8 1464.4
P2331 0.249308660626 781.3 1403.0 781.3 1440.7 751.2 1440.7 751.2 1403.0
P2331 0.161513835192 782.4 1373.6 782.4 1396.0 757.7 1396.0 757.7 1373.6
P2331 0.159857749939 1637.1 568.4 1637.1 596.4 1616.2 596.4 1616.2 568.4
P2331 0.155248120427 1524.7 572.0 1524.7 599.8 1503.1 599.8 1503.1 572.0
P2331 0.149810597301 1671.2 569.6 1671.2 595.7 1644.2 595.7 1644.2 569.6
P2331 0.144771397114 1499.9 569.0 1499.9 602.5 1471.8 602.5 1471.8 569.0
P2331 0.134714469314 1698.8 571.1 1698.8 600.5 1673.5 600.5 1673.5 571.1
P2331 0.115642361343 1468.4 573.4 1468.4 597.1 1448.1 597.1 1448.1 573.4
P2331 0.114003784955 1850.1 1793.7 1850.1 1840.9 1794.2 1840.9 1794.2 1793.7
P2331 0.11359385401 514.3 1324.5 478.0 1347.2 449.2 1295.1 485.5 1272.3
P2331 0.104855157435 1773.7 1816.9 1761.4 1832.2 1751.2 1810.3 1763.5 1795.0
P2331 0.103342033923 2479.1 811.9 2479.1 871.3 2444.7 871.3 2444.7 811.9
P0131 0.492440283298 905.2 285.7 905.2 358.0 850.5 358.0 850.5 285.7
P0131 0.41425204277 1103.1 281.3 1103.1 361.8 1052.1 361.8 1052.1 281.3
P0131 0.37927788496 976.7 278.8 976.7 365.3 929.3 365.3 929.3 278.8
P2271 0.108677729964 4038.2 1504.6 4038.2 1563.1 3996.4 1563.1 3996.4 1504.6
P1230 0.281691133976 4374.9 616.4 4349.7 634.0 4334.7 605.1 4359.9 587.5
P1230 0.246851027012 4334.3 565.8 4320.7 573.7 4310.1 558.5 4323.7 550.6
P1230 0.238400578499 4353.9 588.2 4329.8 603.3 4315.6 576.5 4339.6 561.4
P1230 0.136585205793 193.4 3028.4 178.4 3033.5 164.6 3000.4 179.6 2995.2
P1230 0.122025825083 3448.2 396.6 3448.2 439.3 3427.4 439.3 3427.4 396.6
P1356 0.127377614379 1601.8 397.4 1574.6 410.5 1562.6 390.3 1589.8 377.1
P0897 0.104177556932 1968.5 5008.4 1968.5 5028.1 1948.2 5028.1 1948.2 5008.4
P1384 0.1909583956 2155.4 799.9 2155.4 1003.8 2023.7 1003.8 2023.7 799.9
P1384 0.156367525458 2197.1 697.3 2109.2 797.2 2046.9 682.2 2134.8 582.4
P1384 0.122026197612 413.4 3178.5 402.6 3204.0 382.7 3193.2 393.6 3167.7
P1384 0.119173049927 1365.8 4711.1 1365.8 4732.9 1349.8 4732.9 1349.8 4711.1
P1384 0.100970178843 448.3 3177.3 433.0 3207.3 404.0 3195.6 419.3 3165.6
P2718 0.181503146887 3395.5 1573.5 3395.5 1598.1 3377.5 1598.1 3377.5 1573.5
P2718 0.15411055088 1092.3 1355.0 1092.3 1385.0 1071.2 1385.0 1071.2 1355.0
P2718 0.129085853696 3370.5 1577.9 3370.5 1601.4 3352.6 1601.4 3352.6 1577.9
P2718 0.109776817262 2093.6 1231.5 2087.4 1256.6 2061.0 1253.8 2067.2 1228.7
P2718 0.100561566651 1333.3 1120.1 1323.5 1143.3 1294.6 1131.8 1304.5 1108.7
P0491 0.227749750018 363.0 112.9 285.1 177.5 209.6 65.7 287.5 1.2
P2337 0.156823650002 2353.9 1848.3 2334.0 1860.6 2316.1 1835.1 2335.9 1822.8
P2337 0.125405460596 2343.9 1816.2 2325.3 1828.5 2300.5 1802.9 2319.0 1790.5
P1184 0.255147963762 1218.2 1076.4 1174.0 1187.3 1080.9 1142.3 1125.2 1031.4
P1184 0.184853091836 996.1 5485.4 934.3 5635.9 792.3 5565.1 854.1 5414.5
P7746 0.107930578291 494.0 421.4 494.0 462.3 462.1 462.3 462.1 421.4
P1878 0.135455742478 416.6 465.0 416.6 505.2 383.3 505.2 383.3 465.0
P1269 0.168273061514 588.0 2911.7 579.1 2934.1 552.8 2924.0 561.8 2901.6
P2504 0.215168863535 1381.5 448.0 1324.3 470.5 1302.5 388.8 1359.6 366.2
P1268 0.172678649426 1780.3 3553.3 1766.4 3586.1 1712.9 3562.4 1726.8 3529.6
P1268 0.139367341995 2363.8 3476.5 2345.8 3481.1 2329.2 3439.7 2347.2 3435.1
P1268 0.113498270512 716.3 3008.8 708.4 3021.8 688.1 3011.5 696.0 2998.6
P2724 0.196713402867 569.9 479.7 541.3 485.5 537.7 451.0 566.3 445.2
P2724 0.117355145514 2510.1 2046.0 2510.1 2126.2 2462.8 2126.2 2462.8 2046.0
P2724 0.112205594778 2457.1 2078.1 2457.1 2117.6 2443.6 2117.6 2443.6 2078.1
P2724 0.103944458067 1142.7 832.8 1132.4 841.9 1110.6 820.9 1120.8 811.8
P2385 0.149181842804 1095.4 1003.3 1095.4 1032.3 1075.9 1032.3 1075.9 1003.3
P2385 0.130744472146 103.9 440.4 103.9 467.8 83.2 467.8 83.2 440.4
P2385 0.116359248757 1076.8 1002.5 1076.8 1025.2 1063.3 1025.2 1063.3 1002.5
P2570 0.113102406263 1309.5 885.0 1309.5 1081.0 1182.7 1081.0 1182.7 885.0
P2722 0.207395762205 3586.0 1483.6 3586.0 1535.9 3545.8 1535.9 3545.8 1483.6
P2722 0.126570060849 3579.3 1544.8 3560.4 1549.6 3555.6 1531.9 3574.5 1527.1
P1075 0.113646894693 74.2 2254.6 74.2 2333.8 9.2 2333.8 9.2 2254.6
P1440 0.594282746315 492.0 1278.1 376.3 1319.6 312.1 1126.0 427.8 1084.6
P1440 0.574948966503 389.4 1333.5 270.1 1372.4 207.0 1173.7 326.3 1134.8
P1440 0.563271999359 398.5 1075.6 279.4 1119.6 213.5 920.0 332.6 876.0
P1440 0.519608139992 604.9 1198.7 482.9 1252.8 408.1 1053.8 530.1 999.7
P1440 0.329786628485 295.3 1109.2 177.6 1156.9 108.9 974.0 226.6 926.4
P0673 0.691759586334 926.6 669.4 840.8 775.7 738.0 669.1 823.7 562.8
P0673 0.684446930885 291.5 402.5 200.2 512.5 88.5 390.5 179.8 280.5
P0673 0.609468340874 324.2 294.8 244.4 380.1 143.1 276.8 222.9 191.4
P0673 0.592438220978 884.0 774.1 793.3 897.2 681.7 787.7 772.4 664.5
P0673 0.473849654198 231.0 514.3 147.3 602.2 53.0 495.5 136.6 407.6
P0673 0.410641044378 938.5 570.0 885.4 628.1 816.9 551.8 870.0 493.6
P1323 0.16600458324 3102.7 2299.7 3085.0 2310.3 3069.6 2273.8 3087.3 2263.2
P1323 0.13559345901 871.8 3798.2 856.0 3808.0 845.5 3783.6 861.3 3773.8
P1323 0.132549777627 3094.1 2176.4 3077.2 2181.2 3070.2 2148.2 3087.2 2143.4
P0882 0.217269614339 852.0 1020.2 852.0 1159.5 779.3 1159.5 779.3 1020.2
P0385 0.594643473625 223.8 610.5 119.8 677.9 44.3 524.3 148.2 456.9
P0385 0.141149371862 102.0 525.5 102.0 752.3 -58.0 752.3 -58.0 525.5
P0385 0.101291850209 912.9 688.0 758.2 864.5 604.0 661.2 758.7 484.7
P0770 0.271096140146 1088.5 471.9 1045.6 528.2 995.1 484.0 1038.0 427.7
P1179 0.100253246725 1419.4 3421.5 1395.8 3464.2 1367.9 3446.5 1391.6 3403.8
P1376 0.130985796452 4352.2 1477.8 4314.0 1493.0 4293.4 1445.6 4331.5 1430.5
P2701 0.122443012893 1067.2 1360.8 1059.6 1375.4 1039.4 1361.8 1047.1 1347.2
P2166 0.240572750568 368.3 261.4 368.3 305.2 322.9 305.2 322.9 261.4
P2166 0.16220587492 418.1 210.6 418.1 273.2 361.4 273.2 361.4 210.6
P0683 0.112026013434 1707.7 496.7 1707.7 587.0 1634.3 587.0 1634.3 496.7
P8287 0.174804195762 569.1 3207.6 569.1 3371.4 441.8 3371.4 441.8 3207.6
P1829 0.129652872682 666.0 693.2 666.0 814.3 554.1 814.3 554.1 693.2
P2168 0.604457497597 1885.1 864.9 1885.1 970.4 1813.4 970.4 1813.4 864.9
P2168 0.547817647457 1952.0 865.0 1952.0 971.8 1882.7 971.8 1882.7 865.0
P2168 0.532641589642 1881.4 771.9 1881.4 854.7 1823.3 854.7 1823.3 771.9
P2168 0.501729905605 1948.4 772.5 1948.4 855.9 1892.3 855.9 1892.3 772.5
P2168 0.27428612113 1054.6 945.2 1054.6 995.8 980.5 995.8 980.5 945.2
P2168 0.220829039812 1114.1 1007.8 1071.9 1029.1 1048.0 974.3 1090.2 952.9
P2168 0.130445420742 1003.9 995.6 1003.9 1016.5 960.9 1016.5 960.9 995.6
P2542 0.145357638597 697.5 891.1 636.1 959.3 562.0 889.1 623.4 820.9
P1189 0.593175590038 704.7 696.9 652.0 738.2 594.8 654.9 647.5 613.7
P1189 0.573020875454 633.3 622.7 590.4 669.6 529.6 609.6 572.4 562.7
P0659 0.618613183498 377.4 307.5 303.1 373.0 225.1 271.3 299.4 205.7
P2745 0.126954138279 3416.9 1885.4 3416.9 1932.0 3354.9 1932.0 3354.9 1885.4
P5171 0.115491680801 1943.0 1817.6 1926.0 1844.1 1892.8 1825.8 1909.7 1799.3
P4151 0.218016892672 5559.2 2960.4 5507.4 3074.3 5403.9 3016.7 5455.7 2902.7
P4151 0.142860561609 5788.4 2936.3 5715.8 2997.8 5630.7 2906.2 5703.3 2844.7
P0150 0.115347534418 526.4 181.8 503.8 220.3 485.0 207.6 507.6 169.2
P1377 0.159465387464 2554.4 732.3 2554.4 879.3 2464.8 879.3 2464.8 732.3
P1377 0.101253092289 3741.5 2513.2 3686.4 2581.7 3634.9 2547.5 3689.9 2478.9
P1257 0.168037503958 3981.4 1500.2 3981.4 1526.0 3972.6 1526.0 3972.6 1500.2
P1257 0.154237061739 3967.3 1497.4 3967.3 1522.9 3956.4 1522.9 3956.4 1497.4
P1257 0.141035377979 3993.4 1498.1 3993.4 1528.7 3987.3 1528.7 3987.3 1498.1
P0161 0.103248201311 2373.1 2043.4 2373.1 2080.6 2343.0 2080.6 2343.0 2043.4
P0841 0.103642396629 1583.0 1519.5 1562.5 1524.3 1557.4 1501.4 1577.9 1496.6
P2802 0.104188799858 1931.4 2828.6 1931.4 2894.7 1871.6 2894.7 1871.6 2828.6
P1751 0.118574418128 48.0 513.0 30.8 522.1 20.4 506.9 37.6 497.7
P2766 0.105913087726 3473.8 384.2 3473.8 419.9 3450.8 419.9 3450.8 384.2
P2766 0.101833462715 3440.6 389.5 3440.6 422.5 3418.1 422.5 3418.1 389.5
P1234 0.103769995272 1207.2 3646.4 1208.4 3666.6 1157.4 3653.3 1156.2 3633.2
P1601 0.109537228942 925.2 3056.1 906.8 3071.2 889.4 3052.4 907.8 3037.4
P1786 0.116211719811 2415.0 1695.3 2312.1 1818.1 2204.6 1724.9 2307.5 1602.1
P1518 0.102990970016 1440.9 2807.6 1432.3 2821.5 1418.9 2805.3 1427.5 2791.4
P2791 0.318335980177 3370.7 5338.9 3284.1 5481.3 3128.8 5360.5 3215.4 5218.0
P0146 0.499752819538 809.7 473.4 757.5 530.0 698.5 450.5 750.8 393.8
P0146 0.413200318813 854.3 351.0 799.2 402.6 733.4 316.3 788.6 264.7
P0368 0.629796266556 793.0 755.9 710.4 828.7 610.0 694.7 692.5 621.9
