P2721__1.0__0___1000 0.308503508568 394.1 -5.5 394.1 17.9 345.5 17.9 345.5 -5.5
P2722__1.0__3000___500 0.166231006384 165.8 472.7 165.8 499.7 143.1 499.7 143.1 472.7
P0770__1.0__1000___758 0.152882263064 450.3 328.1 330.2 488.7 226.2 411.3 346.4 250.6
P0770__1.0__1000___758 0.127798810601 302.2 231.9 93.5 451.5 -88.4 258.6 120.3 39.0
P1456__1.0__2894___1912 0.131153076887 200.2 -71.1 200.2 138.7 -4.9 138.7 -4.9 -71.1
P2722__1.0__2000___1000 0.331502258778 172.8 18.2 147.6 42.7 133.9 27.6 159.2 3.2
P2722__1.0__2000___1000 0.159397542477 436.9 8.1 420.5 19.9 406.6 2.5 423.1 -9.3
P2539__1.0__1287___1500 0.102063030005 573.1 341.1 536.7 349.3 534.9 334.2 571.4 326.0
P1732__1.0__2500___3000 0.153962463140 616.0 437.3 569.3 480.7 531.4 421.6 578.2 378.3
P5789__1.0__23000___24500 0.307457119226 544.6 599.9 460.5 624.7 420.1 444.5 504.1 419.7
P2375__1.0__500___0 0.144271850586 421.3 615.6 328.8 643.7 286.8 533.2 379.4 505.0
P1666__1.0__3400___3000 0.124428793788 34.4 -6.4 34.4 25.4 -6.5 25.4 -6.5 -6.4
P2404__1.0__3000___0 0.303963989019 141.4 572.8 141.4 614.6 77.8 614.6 77.8 572.8
P2404__1.0__3000___0 0.147218599916 178.5 528.9 178.5 603.7 145.5 603.7 145.5 528.9
P1474__1.0__1500___2000 0.177488252521 361.0 603.9 239.9 627.1 202.7 425.3 323.7 402.1
P1432__1.0__1500___3686 0.121910087764 610.9 499.5 610.9 584.4 544.8 584.4 544.8 499.5
P5789__1.0__27000___10000 0.417169749737 614.5 190.6 495.1 245.8 437.9 190.0 557.3 134.7
P1384__1.0__1000___0 0.111509971321 621.0 279.5 569.7 440.1 469.6 394.8 520.9 234.2
P1384__1.0__1000___0 0.100214734674 400.5 288.4 366.2 342.0 315.4 307.5 349.7 253.9
P2374__1.0__1000___0 0.102956525981 434.9 561.2 434.9 587.0 408.6 587.0 408.6 561.2
P2718__1.0__1000___1500 0.249911457300 300.2 -20.0 300.2 39.6 167.4 39.6 167.4 -20.0
P2718__1.0__1000___1500 0.104198835790 110.1 540.5 110.1 551.2 84.9 551.2 84.9 540.5
P1518__1.0__3400___1000 0.343959003687 451.2 355.5 413.0 375.4 393.6 353.6 431.9 333.8
P2547__1.0__500___1825 0.178191393614 432.5 15.9 432.5 67.8 323.6 67.8 323.6 15.9
P1584__1.0__1500___3000 0.240285366774 378.4 598.1 256.1 636.5 216.4 581.1 338.7 542.7
P1240__1.0__2000___1500 0.462177157402 213.6 333.3 150.1 410.7 110.8 358.6 174.3 281.2
P1240__1.0__2000___1500 0.285341799259 557.2 328.3 439.8 382.6 351.3 163.7 468.8 109.4
P2502__1.0__0___0 0.526484608650 402.7 436.8 320.7 574.9 209.9 519.1 291.9 381.0
P2502__1.0__0___0 0.462895870209 598.9 113.4 504.0 196.1 374.2 50.1 469.1 -32.6
P2502__1.0__0___0 0.376518309116 634.3 536.9 575.4 554.6 546.3 402.5 605.2 384.8
P1604__1.0__3000___1000 0.104336962104 94.5 433.5 50.7 460.9 21.8 427.0 65.6 399.7
P8666__1.0__424___0 0.104779258370 156.3 519.0 156.3 595.9 78.9 595.9 78.9 519.0
P2722__1.0__1500___1000 0.304837137461 41.7 377.0 15.9 385.8 -5.5 322.8 20.3 314.0
P2722__1.0__1500___1000 0.254448562860 347.5 581.4 331.0 592.2 320.3 567.5 336.8 556.7
P2722__1.0__1500___1000 0.216396391392 127.6 292.5 102.0 313.8 91.4 297.4 117.0 276.1
P2722__1.0__1500___1000 0.143062472343 92.5 97.1 78.2 101.7 63.7 67.3 78.0 62.7
P2722__1.0__1500___1000 0.111434392631 23.6 72.6 6.9 84.5 -3.0 67.9 13.7 56.0
P2721__1.0__500___1500 0.415703356266 44.6 210.0 44.6 282.2 -9.2 282.2 -9.2 210.0
P2721__1.0__500___1500 0.271492332220 595.5 97.4 595.5 106.9 544.3 106.9 544.3 97.4
P2768__1.0__500___1757 0.264536350965 380.8 80.3 380.8 315.9 183.5 315.9 183.5 80.3
P2768__1.0__500___1757 0.139077782631 413.0 261.8 400.7 273.7 392.2 256.2 404.4 244.3
P2768__1.0__500___1757 0.109226018190 412.7 319.4 401.8 332.5 392.4 317.5 403.3 304.4
P1529__1.0__0___2500 0.241197168827 138.5 66.9 58.6 96.6 17.1 1.3 97.0 -28.3
P2375__1.0__965___0 0.119391605258 467.0 16.0 442.2 23.7 434.4 3.3 459.2 -4.5
P2724__1.0__2000___1500 0.501392066479 509.6 549.8 509.6 598.6 462.5 598.6 462.5 549.8
P2724__1.0__2000___1500 0.370436280966 390.2 581.5 371.4 597.4 357.8 567.1 376.6 551.3
P2724__1.0__2000___1500 0.155159279704 152.6 197.9 152.6 215.0 130.0 215.0 130.0 197.9
P1529__1.0__1500___500 0.104129828513 80.0 100.7 1.8 132.5 -11.5 103.5 66.8 71.6
P9997__1.0__1500___0 0.151163026690 214.6 20.5 191.0 35.1 174.8 6.5 198.3 -8.0
P1386__1.0__0___2500 0.113528549671 300.2 198.1 215.2 248.1 159.0 109.2 244.0 59.2
P1750__1.0__0___3400 0.231301143765 581.8 -11.3 581.8 30.0 517.6 30.0 517.6 -11.3
P2714__1.0__1000___500 0.148893684149 87.5 231.4 87.5 245.3 52.7 245.3 52.7 231.4
P9169__1.0__424___424 0.102301992476 52.9 359.8 52.9 396.5 7.0 396.5 7.0 359.8
P1529__1.0__0___2000 0.528280079365 139.6 571.4 51.8 597.7 -6.9 385.7 80.9 359.4
P2547__1.0__500___1500 0.240401849151 429.0 333.6 429.0 398.7 334.2 398.7 334.2 333.6
P7464__1.0__424___424 0.121843084693 475.6 197.1 467.6 220.0 440.6 215.0 448.5 192.1
P2722__1.0__0___1500 0.116912558675 143.6 57.3 143.6 82.7 101.9 82.7 101.9 57.3
P1269__1.0__2000___1000 0.139163509011 559.0 585.0 508.6 623.3 476.7 588.5 527.2 550.1
P2721__1.0__1500___1853 0.219198927283 327.9 29.5 307.6 48.4 298.6 37.7 318.9 18.8
P2721__1.0__1500___1853 0.118649393320 592.4 191.4 565.8 196.6 548.0 156.7 574.6 151.5
P1693__1.0__3000___0 0.416516959667 294.2 364.2 182.6 528.0 63.6 423.3 175.2 259.4
P4183__1.0__0___0 0.277675539255 486.0 225.9 468.7 238.4 439.7 219.3 457.0 206.8
P1432__1.0__1500___1000 0.338230788708 247.1 120.3 136.0 157.0 85.1 34.3 196.2 -2.4
P2241__1.0__136___0 0.116966716945 81.0 259.0 27.1 288.0 -13.0 216.9 40.9 187.8
P2394__1.0__1205___0 0.106150649488 463.7 37.1 450.7 52.5 436.4 40.3 449.3 24.9
P2378__1.0__0___500 0.612382411957 602.5 381.8 514.2 452.2 402.9 359.9 491.2 289.5
P2502__1.0__1500___0 0.135565936565 607.3 459.3 590.6 482.6 579.7 472.5 596.5 449.3
P6661__1.0__424___0 0.210043966770 597.4 284.7 597.4 326.4 559.5 326.4 559.5 284.7
P6661__1.0__424___0 0.162318214774 590.7 3.9 590.7 31.0 565.9 31.0 565.9 3.9
P2758__1.0__0___0 0.220630615950 588.5 418.4 528.0 443.4 471.3 265.0 531.7 239.9
P2724__1.0__3500___1000 0.143998727202 276.4 427.8 276.4 464.7 270.8 464.7 270.8 427.8
P2724__1.0__3500___1000 0.115358725190 321.3 577.3 321.3 602.4 282.2 602.4 282.2 577.3
P2724__1.0__3500___500 0.127093926072 68.3 412.5 68.3 440.1 7.6 440.1 7.6 412.5
P2724__1.0__3500___500 0.107521049678 96.1 136.9 96.1 171.1 76.3 171.1 76.3 136.9
P2502__1.0__500___1500 0.488102734089 84.7 326.9 10.9 354.8 -17.5 269.1 56.2 241.2
P2502__1.0__500___1500 0.252331972122 212.9 354.2 159.8 393.4 94.2 360.9 147.2 321.8
P1596__1.0__0___1500 0.589835345745 647.2 416.1 556.3 504.3 438.0 379.7 528.9 291.4
P2766__1.0__4845___500 0.105581857264 194.3 176.4 194.3 194.7 138.0 194.7 138.0 176.4
P5789__1.0__9500___4500 0.545781075954 272.1 592.2 171.8 627.3 116.4 436.8 216.8 401.7
P1604__1.0__2000___2000 0.115012183785 200.7 -11.6 200.7 30.3 138.6 30.3 138.6 -11.6
P1432__1.0__1000___2000 0.306526273489 609.9 488.8 609.9 594.9 529.4 594.9 529.4 488.8
P5789__1.0__17000___6500 0.171879097819 134.0 170.6 98.2 265.9 53.4 209.1 89.2 113.8
P1598__1.0__3000___2500 0.160777002573 187.8 238.4 119.7 279.2 79.6 222.8 147.8 182.0
P1471__1.0__2000___500 0.207537770271 452.4 352.0 452.4 636.1 247.8 636.1 247.8 352.0
P1596__1.0__500___1500 0.462052375078 165.9 436.6 76.2 523.7 -64.6 366.8 25.1 279.6
P1732__1.0__3000___3400 0.107101462781 105.4 55.0 58.4 81.9 35.3 29.3 82.3 2.4
P1581__1.0__2500___1000 0.115174673498 451.6 518.3 379.5 557.4 328.0 365.8 400.1 326.7
P1584__1.0__2000___4000 0.155966117978 515.0 138.1 487.7 147.5 473.9 112.9 501.2 103.5
P1584__1.0__2000___4000 0.152697667480 624.7 118.2 559.0 135.2 523.2 -2.8 589.0 -19.8
P8656__1.0__2000___1500 0.126261755824 160.1 206.4 89.3 303.3 13.3 245.3 84.2 148.4
P1376__1.0__3000___0 0.148930028081 423.4 36.0 365.8 51.1 333.1 23.9 390.6 8.9
P0770__1.0__1010___500 0.136493638158 261.4 464.9 102.3 678.3 -72.9 537.0 86.1 323.7
P3107__1.0__0___0 0.334019333124 523.0 199.3 509.5 221.6 496.7 214.0 510.2 191.8
P3107__1.0__0___0 0.145475357771 572.3 207.5 561.0 228.0 545.0 221.5 556.3 201.0
P3107__1.0__0___0 0.138455227017 602.0 204.8 596.3 228.5 578.6 224.3 584.4 200.6
P1752__1.0__3400___1500 0.405864179134 408.9 170.3 336.7 290.5 251.3 241.0 323.5 120.8
P5789__1.0__25000___6500 0.393864065409 553.8 26.3 423.4 69.0 354.1 0.7 484.5 -42.0
P1380__1.0__3797___1500 0.168359249830 496.0 579.5 472.2 609.8 451.0 592.7 474.9 562.5
P1610__1.0__500___0 0.118158355355 579.9 480.5 537.4 498.3 519.9 469.0 562.4 451.2
P1583__1.0__2500___2000 0.133325070143 600.3 377.3 565.5 393.6 546.9 330.3 581.7 313.9
P1547__1.0__1000___1000 0.109340287745 306.7 -18.3 306.7 38.5 248.5 38.5 248.5 -18.3
P1269__1.0__2000___1500 0.486055135727 579.2 86.5 502.1 194.8 441.1 149.9 518.2 41.7
P2197__1.0__500___500 0.122626408935 412.0 364.6 412.0 630.7 119.4 630.7 119.4 364.6
P2197__1.0__500___500 0.119689784944 368.2 103.9 368.2 243.8 227.1 243.8 227.1 103.9
P1342__1.0__500___2000 0.494386762381 278.4 337.4 172.0 382.7 110.2 235.4 216.6 190.1
P1456__1.0__2500___1912 0.108740977943 316.4 -106.3 316.4 158.0 63.2 158.0 63.2 -106.3
P2724__1.0__1000___1500 0.455532938242 611.3 252.4 575.8 270.2 546.3 199.9 581.8 182.0
P2724__1.0__1000___1500 0.382881253958 596.6 13.4 563.8 40.1 534.8 14.1 567.6 -12.6
P2724__1.0__1000___1500 0.131365180016 87.5 174.3 62.8 182.6 52.7 150.6 77.4 142.3
P2724__1.0__1000___1500 0.101494409144 248.6 59.3 234.8 73.6 221.4 64.4 235.2 50.1
P5789__1.0__17500___9500 0.139882802963 166.3 477.3 25.3 526.4 -26.0 462.3 115.0 413.1
P2722__1.0__1500___1500 0.154669106007 347.6 80.9 331.0 91.6 319.4 67.6 336.0 56.8
P2404__1.0__3500___3500 0.164597734809 487.0 500.1 479.0 564.8 445.0 558.7 453.0 494.0
P1315__1.0__500___1000 0.184591561556 608.8 332.9 608.8 399.1 546.5 399.1 546.5 332.9
P1315__1.0__500___1000 0.109056562185 364.4 504.4 364.4 588.0 319.5 588.0 319.5 504.4
P2754__1.0__2000___1000 0.142072245479 582.0 317.9 525.0 407.0 446.2 349.1 503.2 260.0
P1679__1.0__0___2500 0.149756103754 495.3 36.7 456.6 55.6 437.8 14.9 476.5 -4.0
P2721__1.0__3500___1500 0.101264297962 568.4 1.3 567.1 22.0 530.9 19.6 532.2 -1.1
P1754__1.0__1500___0 0.103005774319 637.8 434.3 637.8 601.6 486.0 601.6 486.0 434.3
P5789__1.0__27000___20500 0.482335209846 378.5 325.6 302.6 344.5 257.4 136.2 333.3 117.4
P2404__1.0__4500___3500 0.111881650984 646.2 64.5 578.8 191.2 511.2 122.8 578.6 -3.8
P2714__1.0__1000___1500 0.386144697666 263.6 131.6 263.6 184.3 235.3 184.3 235.3 131.6
P2714__1.0__1000___1500 0.280572652817 204.4 176.1 192.9 197.9 175.6 189.2 187.1 167.4
P2714__1.0__1000___1500 0.276126444340 342.3 465.2 342.3 499.4 318.0 499.4 318.0 465.2
P2714__1.0__1000___1500 0.184090554714 137.7 239.9 127.8 275.8 106.8 269.9 116.8 234.0
P2714__1.0__1000___1500 0.113845720887 225.4 144.0 225.5 162.0 178.0 156.7 177.9 138.7
P2714__1.0__1000___1500 0.112769365311 119.2 229.1 115.4 265.1 92.2 263.6 96.0 227.6
P2714__1.0__1000___1500 0.101516634226 50.3 53.2 34.6 82.8 24.2 78.4 39.9 48.8
P1373__1.0__2000___2500 0.355435639620 169.9 185.5 117.5 220.0 41.3 89.5 93.8 55.0
P2721__1.0__500___1853 0.482124626637 461.0 360.5 461.0 419.0 432.2 419.0 432.2 360.5
P2721__1.0__500___1853 0.474295794964 238.5 282.2 238.5 323.2 214.6 323.2 214.6 282.2
P2721__1.0__500___1853 0.174975484610 258.6 293.7 258.6 325.6 240.9 325.6 240.9 293.7
P2721__1.0__3000___1000 0.268279373646 361.3 383.0 334.6 403.9 323.4 390.0 350.1 369.1
P2721__1.0__3000___1000 0.122808292508 128.6 -2.7 128.6 14.7 91.6 14.7 91.6 -2.7
P1601__1.0__3000___1000 0.117891684175 203.0 157.1 203.0 223.4 137.6 223.4 137.6 157.1
P1547__1.0__1500___1000 0.177765876055 621.9 125.2 572.4 140.9 549.9 30.9 599.5 15.2
P2375__1.0__500___500 0.150447413325 369.1 583.5 315.3 617.5 282.8 540.3 336.6 506.3
P2375__1.0__500___500 0.142885625362 334.4 357.1 334.4 454.6 245.8 454.6 245.8 357.1
P2375__1.0__500___500 0.116673968732 436.0 150.0 327.7 188.6 272.7 14.6 380.9 -24.0
P1750__1.0__500___3400 0.152529031038 91.5 -14.2 91.5 32.9 23.7 32.9 23.7 -14.2
P1432__1.0__2787___1500 0.118748545647 130.2 -4.9 130.2 72.3 9.3 72.3 9.3 -4.9
P2718__1.0__2500___1000 0.244999885559 143.5 559.3 133.7 569.9 115.4 557.3 125.3 546.6
P2718__1.0__2500___1000 0.195403680205 161.6 406.1 161.6 422.8 129.5 422.8 129.5 406.1
P2718__1.0__2500___1000 0.165688887239 547.4 543.7 533.5 563.5 520.8 556.8 534.7 537.0
P2718__1.0__2500___1000 0.130124852061 526.9 506.4 526.9 529.9 500.0 529.9 500.0 506.4
P1342__1.0__1000___1000 0.202909633517 615.8 101.9 615.8 222.3 500.0 222.3 500.0 101.9
P5546__1.0__424___0 0.111761830747 601.6 576.8 601.6 595.1 570.7 595.1 570.7 576.8
P0130__1.0__128___0 0.575351893902 371.1 471.1 323.5 542.4 281.7 444.7 329.2 373.4
P0770__1.0__1010___758 0.135720193386 451.2 335.4 309.4 500.5 201.8 404.6 343.6 239.5
P0770__1.0__1010___758 0.133211046457 287.5 226.1 84.1 444.5 -98.2 263.7 105.2 45.3
P5789__1.0__25000___6000 0.552148342133 570.6 506.0 420.4 571.2 346.8 499.0 497.0 433.9
P3032__1.0__424___0 0.251044780016 368.9 41.4 350.1 43.2 345.9 19.7 364.8 17.8
P5789__1.0__20000___21500 0.240422457457 302.4 490.8 302.4 617.6 213.8 617.6 213.8 490.8
P1579__1.0__1000___500 0.138991132379 482.3 444.9 388.7 479.6 314.1 264.2 407.7 229.6
P2721__1.0__3000___1500 0.257237493992 409.2 507.2 409.2 530.3 354.9 530.3 354.9 507.2
P2721__1.0__3000___1500 0.155545309186 83.0 15.9 57.4 17.6 57.0 3.8 82.6 2.1
P2721__1.0__3000___1500 0.137557446957 27.9 370.6 14.8 378.2 0.6 352.7 13.7 345.0
P5789__1.0__13500___0 0.322901099920 107.6 605.2 13.3 623.1 -39.7 398.5 54.6 380.6
P2592__1.0__1000___500 0.115130260587 30.5 510.0 30.5 597.8 -18.8 597.8 -18.8 510.0
P10733__1.0__424___424 0.179129943252 572.6 497.0 572.6 531.7 543.3 531.7 543.3 497.0
P2331__1.0__2000___500 0.187206104398 609.8 330.9 588.1 357.9 553.9 327.6 575.7 300.6
P0143__1.0__152___0 0.584550499916 289.7 280.0 289.7 441.5 209.8 441.5 209.8 280.0
P2993__1.0__0___0 0.355829685926 266.0 280.2 255.8 305.7 235.1 300.7 245.4 275.2
P2993__1.0__0___0 0.333526939154 263.5 340.9 263.5 360.4 212.8 360.4 212.8 340.9
P2993__1.0__0___0 0.120609335601 300.4 134.6 289.9 155.2 241.3 149.1 251.8 128.5
P2993__1.0__0___0 0.101204112172 463.5 97.5 463.5 113.0 436.2 113.0 436.2 97.5
P1699__1.0__500___0 0.118212573230 431.2 562.0 431.2 617.5 356.2 617.5 356.2 562.0
P3107__1.0__424___0 0.352136164904 98.3 199.5 85.1 220.6 73.5 213.6 86.8 192.5
P3107__1.0__424___0 0.230095803738 176.8 207.5 169.0 227.0 155.2 222.0 163.0 202.4
P3107__1.0__424___0 0.158623799682 148.3 206.4 137.0 227.6 120.4 222.7 131.8 201.5
P1619__1.0__0___500 0.142187833786 484.0 290.5 467.4 327.8 440.6 313.4 457.2 276.2
P5789__1.0__14500___6000 0.243385091424 164.3 211.9 164.3 432.3 24.0 432.3 24.0 211.9
P2695__1.0__3000___500 0.149385988712 442.8 363.0 417.2 361.5 410.7 312.0 436.4 313.5
P2714__1.0__3000___1850 0.107564948499 190.8 23.1 190.8 84.9 69.2 84.9 69.2 23.1
P1672__1.0__1000___0 0.163001865149 297.4 6.2 211.3 71.5 162.1 21.3 248.2 -43.9
P2721__1.0__3939___1853 0.568953335285 421.6 278.4 391.6 292.1 367.0 229.4 397.1 215.7
P1386__1.0__1500___2956 0.117666929960 620.5 252.8 549.4 293.9 518.9 222.4 590.0 181.3
P2718__1.0__1000___0 0.185982137918 283.8 582.6 276.5 610.3 241.3 605.6 248.6 577.9
P2718__1.0__1000___0 0.129094004631 601.1 2.7 601.1 18.2 570.5 18.2 570.5 2.7
P1754__1.0__500___1000 0.150474369526 418.2 45.7 384.7 51.1 378.0 5.5 411.4 0.1
P1384__1.0__1500___500 0.114950232208 624.1 321.1 624.1 482.6 523.1 482.6 523.1 321.1
P1384__1.0__1500___500 0.108675613999 612.1 94.2 612.1 285.5 543.6 285.5 543.6 94.2
P1598__1.0__1500___1500 0.124925449491 547.7 147.2 531.2 155.3 521.1 129.1 537.7 121.0
P1586__1.0__1500___1000 0.123678393662 508.0 214.5 508.0 276.8 447.6 276.8 447.6 214.5
P1518__1.0__3000___1000 0.143937036395 572.2 399.3 528.2 425.0 504.6 388.0 548.7 362.2
P2408__1.0__500___1500 0.115211494267 610.1 264.8 610.1 339.5 569.3 339.5 569.3 264.8
P2718__1.0__1000___1000 0.241025254130 239.7 138.3 228.2 158.2 157.1 115.7 168.6 95.7
P2718__1.0__1000___1000 0.164461672306 91.0 356.3 91.0 383.4 72.4 383.4 72.4 356.3
P2718__1.0__1000___1000 0.128546848893 302.1 166.5 287.6 180.5 269.9 165.9 284.4 151.9
P2718__1.0__1000___1000 0.115915462375 290.7 507.2 211.4 537.8 177.3 497.2 256.6 466.6
P2714__1.0__2500___1000 0.142943844199 600.7 2.9 566.0 29.1 554.7 17.0 589.3 -9.2
P2714__1.0__500___0 0.192842155695 432.4 455.6 406.5 458.7 396.6 411.8 422.5 408.8
P2722__1.0__2000___1500 0.116999112070 492.8 352.6 467.0 348.4 447.6 267.3 473.4 271.5
P2721__1.0__500___500 0.208793580532 480.3 67.3 480.3 96.7 467.0 96.7 467.0 67.3
P2721__1.0__500___500 0.193151250482 81.0 160.8 81.0 189.5 60.5 189.5 60.5 160.8
P1373__1.0__1500___500 0.115060627460 244.7 580.8 216.4 611.8 183.8 582.7 212.2 551.8
P2342__1.0__0___1500 0.618143320084 149.2 180.7 114.0 266.1 61.8 232.4 97.0 147.1
P10137__1.0__424___0 0.157953158021 100.6 564.6 100.6 607.4 63.2 607.4 63.2 564.6
P2721__1.0__2000___1000 0.132578954101 355.8 467.3 332.7 514.0 313.0 504.6 336.1 458.0
P1440__1.0__1374___1000 0.121463760734 124.8 -18.9 124.8 150.3 -33.2 150.3 -33.2 -18.9
P1584__1.0__2500___3500 0.510654449463 161.0 600.8 71.0 628.7 19.3 444.1 109.3 416.2
P1518__1.0__3000___500 0.135358512402 145.2 220.6 18.6 245.2 -21.0 199.9 105.5 175.2
P2678__1.0__3500___0 0.102351970971 487.0 519.0 421.4 556.0 365.1 477.5 430.7 440.5
P2718__1.0__1500___1846 0.524859428406 510.1 280.6 477.4 299.0 446.0 277.9 478.7 259.5
P2718__1.0__1500___1846 0.129143640399 446.6 188.6 446.6 230.8 420.9 230.8 420.9 188.6
P7746__1.0__0___424 0.547086060047 494.0 -2.6 494.0 38.3 462.1 38.3 462.1 -2.6
P7746__1.0__0___424 0.241098791361 230.5 333.0 230.5 343.1 189.5 343.1 189.5 333.0
P1410__1.0__4736___2500 0.128013044596 321.6 1.0 321.6 338.7 34.7 338.7 34.7 1.0
P1463__1.0__1000___500 0.103812865913 573.0 494.2 455.0 625.1 352.5 501.1 470.5 370.1
P5789__1.0__21000___14500 0.164177671075 55.0 427.0 55.0 592.7 -35.1 592.7 -35.1 427.0
P1456__1.0__2000___500 0.143347382545 632.6 364.9 632.6 590.8 451.0 590.8 451.0 364.9
P1474__1.0__2000___2500 0.102565199137 26.9 -3.7 26.9 7.5 8.0 7.5 8.0 -3.7
P2194__1.0__1116___1500 0.147672191262 537.0 117.6 537.0 381.9 323.1 381.9 323.1 117.6
P1579__1.0__1000___2000 0.221037611365 456.0 29.7 425.3 46.1 404.9 6.6 435.7 -9.8
P2724__1.0__1000___0 0.141158953309 24.4 482.2 24.4 498.1 -5.6 498.1 -5.6 482.2
P2724__1.0__1000___0 0.130500808358 282.4 436.5 282.4 457.0 250.6 457.0 250.6 436.5
P2724__1.0__1000___0 0.127865284681 280.1 455.9 273.4 472.8 251.2 468.8 257.9 451.9
P1184__1.0__1500___3500 0.208865091205 651.1 277.1 589.2 423.7 489.4 332.9 551.3 186.3
P1432__1.0__1500___500 0.413309931755 243.0 400.2 243.0 620.1 81.3 620.1 81.3 400.2
P1732__1.0__1000___1500 0.572115600109 293.6 455.5 222.1 515.3 111.2 356.3 182.8 296.6
P1732__1.0__1000___1500 0.235597625375 412.5 589.9 353.7 619.7 318.6 589.5 377.5 559.7
P4265__1.0__424___424 0.140102505684 573.3 170.3 562.9 184.2 535.8 170.4 546.3 156.5
P2721__1.0__1000___1000 0.116333231330 404.4 581.1 388.3 583.7 383.1 552.1 399.2 549.5
P9594__1.0__2000___500 0.236525833607 273.3 327.5 154.6 449.7 -3.8 292.4 114.9 170.2
P2504__1.0__1020___0 0.642507910728 219.9 582.4 141.4 619.3 95.5 478.1 174.0 441.1
P2504__1.0__1020___0 0.179950132966 364.5 446.8 306.2 469.6 280.6 389.1 338.9 366.3
P2194__1.0__1000___1572 0.104982890189 631.9 67.7 631.9 287.8 452.5 287.8 452.5 67.7
P2404__1.0__3000___3514 0.108599953353 318.1 24.0 256.4 119.6 222.5 93.2 284.2 -2.4
P1903__1.0__0___0 0.118371210992 651.9 246.5 559.0 537.7 353.5 483.0 446.4 191.8
P1547__1.0__500___2500 0.181330353022 448.2 14.2 398.9 45.0 355.6 14.5 404.9 -16.3
P2718__1.0__2000___1500 0.321096777916 42.6 198.0 12.0 219.1 -14.6 157.7 16.1 136.6
P2724__1.0__1000___500 0.387352496386 142.7 332.8 132.4 341.9 110.6 320.9 120.8 311.8
P2724__1.0__1000___500 0.359277188778 126.0 480.4 126.0 523.6 100.0 523.6 100.0 480.4
P2724__1.0__1000___500 0.110411703587 403.8 494.1 403.8 510.9 376.8 510.9 376.8 494.1
P1586__1.0__3000___2000 0.174345478415 641.7 114.6 579.1 170.6 522.2 89.0 584.7 33.0
P1315__1.0__2500___2500 0.511734366417 461.6 326.1 461.6 398.0 311.1 398.0 311.1 326.1
P2385__1.0__0___0 0.114344462752 103.9 440.4 103.9 467.8 83.2 467.8 83.2 440.4
P1456__1.0__2500___500 0.113517031074 457.9 481.0 457.9 626.3 193.9 626.3 193.9 481.0
P2408__1.0__1000___1500 0.623082220554 336.8 496.3 229.1 528.2 163.6 315.8 271.3 283.9
P2408__1.0__1000___1500 0.126992568374 369.3 597.7 315.4 621.9 282.7 557.8 336.6 533.7
P1700__1.0__2000___3400 0.113563217223 401.3 7.8 379.0 25.5 363.4 5.2 385.6 -12.5
P1700__1.0__2000___3400 0.101521618664 198.2 501.1 198.2 583.0 118.0 583.0 118.0 501.1
P1471__1.0__2000___1000 0.100300677121 427.7 6.2 427.7 437.6 48.3 437.6 48.3 6.2
P2724__1.0__2000___1000 0.162810623646 55.0 224.6 41.8 234.3 27.8 219.5 40.9 209.8
P1577__1.0__0___2500 0.141191020608 105.4 551.3 105.4 628.4 -14.0 628.4 -14.0 551.3
P1577__1.0__0___2500 0.117679484189 260.4 95.8 241.0 104.4 231.2 75.8 250.6 67.1
P2374__1.0__500___1110 0.102015338838 74.8 -25.5 74.8 181.3 -55.2 181.3 -55.2 -25.5
P2754__1.0__2500___500 0.173852488399 269.2 570.5 262.5 612.2 223.1 608.2 229.7 566.5
P2570__1.0__1000___865 0.161182224751 309.5 20.0 309.5 216.0 182.7 216.0 182.7 20.0
P2714__1.0__1000___1000 0.129724934697 55.7 553.2 41.0 584.2 27.0 578.0 41.8 547.1
P2580__1.0__313___1000 0.139723911881 224.5 33.2 115.2 99.1 43.7 18.3 153.0 -47.6
P2722__1.0__3000___1000 0.110573418438 586.0 483.6 586.0 535.9 545.8 535.9 545.8 483.6
P2721__1.0__3500___1000 0.253080040216 290.7 353.7 290.7 386.8 272.4 386.8 272.4 353.7
P2721__1.0__3500___1000 0.252496451139 118.5 1.1 118.5 75.0 86.0 75.0 86.0 1.1
P2721__1.0__3500___1000 0.132648617029 263.7 342.9 263.7 373.6 244.8 373.6 244.8 342.9
P1738__1.0__2500___0 0.104498535395 313.5 594.8 250.5 612.6 210.7 472.5 273.7 454.6
P2724__1.0__1000___1856 0.132618397474 540.5 289.5 540.5 321.6 504.1 321.6 504.1 289.5
P2385__1.0__1471___0 0.196015030146 192.5 14.9 192.5 44.9 131.3 44.9 131.3 14.9
P2385__1.0__1471___0 0.109495624900 282.1 20.1 251.1 36.6 234.3 7.9 265.3 -8.6
P1742__1.0__1500___1500 0.254294306040 570.5 524.8 524.1 600.3 464.9 542.3 511.3 466.8
P5789__1.0__28600___9500 0.113597385585 44.9 231.4 44.9 292.8 7.5 292.8 7.5 231.4
P0047__1.0__0___500 0.141847193241 513.2 122.9 406.5 280.6 244.5 144.1 351.1 -13.6
P2374__1.0__1272___500 0.233282417059 446.5 259.8 398.5 300.3 309.8 272.2 357.9 231.6
P2721__1.0__3939___1500 0.494315654039 419.9 598.5 390.0 617.2 360.5 581.1 390.4 562.4
P1432__1.0__2787___2000 0.115025006235 204.3 -46.7 204.3 66.3 62.8 66.3 62.8 -46.7
P2718__1.0__3500___1500 0.125088468194 614.0 189.4 614.0 230.3 557.8 230.3 557.8 189.4
P1456__1.0__0___1500 0.107295788825 601.4 -17.3 601.4 36.7 474.4 36.7 474.4 -17.3
P2121__1.0__0___0 0.188391655684 514.1 375.9 514.1 636.3 234.2 636.3 234.2 375.9
P2718__1.0__1500___0 0.175881177187 60.3 106.1 60.3 178.1 23.1 178.1 23.1 106.1
P1586__1.0__2000___3400 0.244559153914 301.9 457.9 250.9 500.5 229.7 458.5 280.7 415.9
P2404__1.0__1000___1000 0.114915080369 606.5 560.0 606.5 595.7 572.7 595.7 572.7 560.0
P5789__1.0__21500___17000 0.115899018943 233.1 43.7 162.4 80.4 106.6 15.9 177.3 -20.8
P2502__1.0__500___500 0.192481487989 197.3 -29.3 197.3 89.2 70.3 89.2 70.3 -29.3
P2404__1.0__3500___3514 0.122018173337 488.4 480.1 478.4 544.8 443.5 539.2 453.6 474.6
P1586__1.0__3400___2000 0.325375229120 317.8 127.3 252.4 194.1 142.6 83.8 208.0 17.0
P1586__1.0__3400___2000 0.200436398387 415.2 46.9 365.7 113.3 285.3 36.6 334.8 -29.8
P2766__1.0__4000___4996 0.138319030404 453.2 177.0 453.2 258.5 422.9 258.5 422.9 177.0
P5789__1.0__18500___3000 0.522579312325 470.4 186.7 322.2 232.9 270.0 154.5 418.2 108.3
P2582__1.0__1098___0 0.107603520155 546.9 513.4 427.6 629.4 257.6 514.1 377.0 398.1
P1463__1.0__2500___1000 0.103409066796 262.9 419.7 262.9 664.1 36.7 664.1 36.7 419.7
P2570__1.0__0___0 0.152060970664 619.7 144.7 619.7 371.3 512.0 371.3 512.0 144.7
P2570__1.0__0___0 0.141111418605 314.0 127.0 314.0 284.7 113.3 284.7 113.3 127.0
P2768__1.0__861___1757 0.180298417807 51.5 242.3 51.5 274.2 32.1 274.2 32.1 242.3
P2768__1.0__861___1757 0.144145920873 51.1 303.2 51.1 333.3 32.4 333.3 32.4 303.2
P2768__1.0__861___1757 0.122968427837 50.6 -7.1 50.6 43.5 17.0 43.5 17.0 -7.1
P2768__1.0__861___1757 0.107328474522 52.0 150.4 52.0 182.2 32.9 182.2 32.9 150.4
P2768__1.0__861___1757 0.102404661477 52.5 92.8 52.5 126.5 32.4 126.5 32.4 92.8
P6143__1.0__0___0 0.121229551733 115.7 293.9 115.7 351.2 97.3 351.2 97.3 293.9
P1373__1.0__3400___3000 0.175037309527 236.0 267.5 215.1 283.3 185.2 248.4 206.1 232.6
P1257__1.0__1000___2500 0.163138225675 285.9 224.4 170.3 277.5 78.2 91.0 193.9 37.9
P1650__1.0__1500___1500 0.560581922531 172.0 239.3 102.8 358.6 -0.3 260.0 68.8 140.7
P1650__1.0__1500___1500 0.132523491979 435.3 371.7 414.2 423.6 384.8 407.9 405.9 356.0
P1386__1.0__2000___2956 0.156353145838 141.2 234.7 61.0 301.2 13.9 240.5 94.2 174.0
P2754__1.0__2000___2000 0.187445446849 622.0 267.8 526.0 336.2 438.6 271.1 534.6 202.7
P2714__1.0__500___1000 0.195875316858 65.9 163.6 65.9 183.7 32.8 183.7 32.8 163.6
P2714__1.0__2000___1850 0.410360604525 266.2 137.0 266.2 178.2 241.0 178.2 241.0 137.0
P2714__1.0__2000___1850 0.240041375160 478.2 511.1 478.2 548.9 455.2 548.9 455.2 511.1
P2714__1.0__2000___1850 0.127383559942 90.2 8.1 90.2 28.8 41.1 28.8 41.1 8.1
P2714__1.0__2000___1850 0.110363259912 97.9 174.0 66.9 180.8 64.5 166.5 95.5 159.7
P2714__1.0__2000___1850 0.101918742061 80.1 405.5 80.1 422.4 59.0 422.4 59.0 405.5
P2714__1.0__2000___1850 0.100282281637 598.2 220.0 598.2 240.5 573.3 240.5 573.3 220.0
P2378__1.0__500___500 0.312279194593 85.1 415.7 10.8 434.6 -17.1 340.6 57.3 321.7
P1584__1.0__1500___3500 0.495847195387 386.5 135.2 252.3 221.1 154.6 125.7 288.8 39.8
P2542__1.0__500___1000 0.504019618034 289.9 50.1 211.9 178.3 106.9 113.2 185.0 -15.0
P2721__1.0__500___1000 0.479053378105 484.4 321.4 458.6 335.6 432.6 284.0 458.3 269.8
P2766__1.0__4500___500 0.107835069299 540.4 178.3 540.4 192.9 487.2 192.9 487.2 178.3
P1604__1.0__2000___1500 0.456725656986 233.4 516.2 135.9 535.0 66.5 280.2 164.0 261.4
P1518__1.0__0___3400 0.198625534773 261.3 142.8 162.9 184.3 118.9 37.7 217.2 -3.8
P1693__1.0__500___2000 0.113417051733 613.2 17.8 521.8 53.5 478.7 2.1 570.1 -33.7
P0131__1.0__0___0 0.204749286175 609.0 417.2 609.0 610.7 354.9 610.7 354.9 417.2
P1257__1.0__0___2000 0.470615595579 468.4 227.5 351.5 246.1 311.3 24.8 428.2 6.2
P2718__1.0__2000___0 0.221957817674 469.6 446.5 469.6 471.1 439.7 471.1 439.7 446.5
P2718__1.0__2000___0 0.169835850596 342.8 127.2 342.8 149.9 300.8 149.9 300.8 127.2
P2718__1.0__2000___0 0.111955963075 521.7 4.5 521.7 16.6 482.3 16.6 482.3 4.5
P0385__1.0__276___285 0.102300487459 636.9 403.0 482.2 579.5 328.0 376.2 482.7 199.7
P5789__1.0__25500___6000 0.137141406536 62.3 515.1 15.2 533.5 -11.8 448.3 35.3 429.9
P2768__1.0__0___1500 0.162133470178 298.8 412.8 298.8 488.1 272.3 488.1 272.3 412.8
P2449__1.0__0___1500 0.148351535201 95.3 521.8 95.3 594.2 -11.4 594.2 -11.4 521.8
P5789__1.0__20500___15000 0.217323392630 557.1 -11.8 557.1 135.7 446.3 135.7 446.3 -11.8
P5789__1.0__20500___15000 0.121671900153 607.3 99.4 586.5 108.6 574.6 72.8 595.4 63.6
P5316__1.0__0___0 0.143866017461 559.9 454.4 559.9 485.4 532.6 485.4 532.6 454.4
P5316__1.0__0___0 0.113240301609 639.3 154.5 639.3 321.6 508.7 321.6 508.7 154.5
P5789__1.0__12500___7500 0.333814114332 220.8 466.7 76.9 596.0 -16.0 481.4 127.9 352.0
P1650__1.0__1000___1500 0.341989576817 627.6 311.8 565.4 357.1 527.3 244.5 589.5 199.2
P2721__1.0__1500___1500 0.388173371553 311.5 200.0 300.6 207.6 282.6 188.2 293.6 180.6
P2721__1.0__1500___1500 0.197111383080 447.7 249.6 437.1 256.4 420.5 235.9 431.1 229.1
P2721__1.0__1500___1500 0.191020295024 328.5 382.0 307.5 401.3 298.0 390.4 318.9 371.1
P2721__1.0__1500___1500 0.152347639203 594.7 543.8 565.5 550.8 545.6 508.2 574.8 501.2
P2718__1.0__3936___1846 0.112413734198 285.9 497.0 278.1 505.1 261.9 491.3 269.7 483.2
P2718__1.0__3936___1846 0.103483043611 303.3 486.9 291.4 500.7 270.3 485.2 282.2 471.4
P1377__1.0__0___0 0.152654707432 567.9 163.1 492.7 231.2 436.1 135.7 511.3 67.5
P1679__1.0__500___3000 0.629476070404 411.7 191.0 315.5 283.3 241.3 222.2 337.5 129.9
P1770__1.0__1000___3500 0.106013365090 119.6 589.0 81.1 606.9 59.5 559.2 98.0 541.3
P1650__1.0__3000___2500 0.275138795376 220.9 17.4 156.5 39.2 127.1 3.4 191.6 -18.4
P2718__1.0__3936___0 0.154866859317 558.4 145.5 543.0 166.8 494.5 137.7 510.0 116.4
P2718__1.0__3936___0 0.102870985866 200.1 566.4 183.3 580.5 148.7 566.7 165.6 552.6
P2385__1.0__500___1000 0.101675689220 537.5 14.1 530.5 25.4 506.1 12.5 513.1 1.2
P1257__1.0__0___1500 0.375289112329 446.4 499.0 446.4 633.2 325.1 633.2 325.1 499.0
P1604__1.0__1000___2000 0.130770012736 608.4 109.5 608.4 182.7 531.0 182.7 531.0 109.5
P6258__1.0__424___424 0.133944988251 377.1 351.9 377.1 374.3 347.3 374.3 347.3 351.9
P5789__1.0__26000___21000 0.116836667061 295.1 565.2 220.0 578.4 180.7 398.2 255.8 385.0
P1269__1.0__2500___1500 0.107825510204 74.9 94.8 15.0 176.2 -39.2 116.5 20.7 35.2
P2718__1.0__3500___1846 0.101428337395 246.5 430.3 241.3 438.0 221.8 421.3 227.0 413.7
P2768__1.0__500___1000 0.114384129643 554.7 62.0 554.7 79.4 529.8 79.4 529.8 62.0
P2768__1.0__500___1500 0.259299367666 377.3 335.7 377.3 564.8 187.0 564.8 187.0 335.7
P2768__1.0__500___1500 0.163254886866 412.8 522.8 400.2 534.3 392.3 514.1 404.9 502.6
P2768__1.0__500___1500 0.124851956964 412.7 576.2 401.3 588.8 392.1 573.1 403.6 560.5
P1583__1.0__2000___1500 0.145872592926 120.2 546.4 120.2 633.3 -28.4 633.3 -28.4 546.4
P1770__1.0__2000___4000 0.110679708421 502.1 540.1 502.1 632.0 389.9 632.0 389.9 540.1
P2724__1.0__0___0 0.190467387438 472.7 569.1 472.7 578.5 426.8 578.5 426.8 569.1
P2689__1.0__3000___1500 0.108176141977 621.9 422.8 576.7 444.7 558.6 373.4 603.7 351.5
P1604__1.0__2500___500 0.103888958693 415.1 21.3 329.9 41.3 300.8 -1.5 385.9 -21.5
P2194__1.0__0___1000 0.193069174886 359.4 430.5 244.9 600.9 119.3 483.7 233.7 313.3
P2721__1.0__2500___500 0.221030458808 189.0 210.6 189.0 249.7 165.6 249.7 165.6 210.6
P1610__1.0__500___3000 0.303657978773 532.5 343.7 510.1 381.5 487.8 356.1 510.2 318.4
P2194__1.0__0___1500 0.187647342682 359.2 -5.4 359.2 256.9 92.7 256.9 92.7 -5.4
P1410__1.0__4000___2000 0.146123886108 418.6 458.3 418.6 601.4 209.4 601.4 209.4 458.3
P1751__1.0__2000___500 0.124520063400 599.9 547.7 599.9 600.5 571.8 600.5 571.8 547.7
P1679__1.0__0___3500 0.171783968806 173.5 -4.2 173.5 160.4 54.7 160.4 54.7 -4.2
P1542__1.0__2500___0 0.224742040038 90.5 276.2 59.0 285.6 50.5 248.4 82.0 239.0
P1732__1.0__3682___1000 0.576010227203 241.3 274.5 169.0 301.5 122.1 122.7 194.4 95.6
P2331__1.0__0___500 0.115343160927 214.5 266.1 169.2 316.9 93.5 258.0 138.8 207.2
P2754__1.0__1500___500 0.133582815528 412.7 366.3 228.5 584.2 81.0 397.1 265.2 179.3
P4772__1.0__424___424 0.119865775108 475.6 424.4 475.6 451.0 433.4 451.0 433.4 424.4
P1257__1.0__1000___2000 0.163796216249 206.7 602.9 144.5 632.6 108.3 576.7 170.5 547.0
P1432__1.0__1000___2500 0.203336924314 617.2 29.8 617.2 205.7 514.6 205.7 514.6 29.8
P1786__1.0__500___500 0.174592524767 674.4 471.2 547.5 576.9 450.6 442.9 577.5 337.2
P1384__1.0__500___5035 0.162097141147 115.7 465.5 115.7 570.3 -16.3 570.3 -16.3 465.5
P5789__1.0__26000___7000 0.163312405348 470.4 568.9 470.4 611.8 389.2 611.8 389.2 568.9
P4952__1.0__424___424 0.118962593377 608.4 -19.4 608.4 47.2 571.3 47.2 571.3 -19.4
P2721__1.0__2500___1000 0.305038005114 270.9 230.2 244.9 250.9 204.5 206.9 230.4 186.2
P2502__1.0__0___1500 0.567547738552 603.3 285.0 536.4 366.3 386.6 303.6 453.5 222.3
P4672__1.0__424___0 0.139228850603 256.0 582.9 253.9 602.3 228.0 596.7 230.1 577.3
P2404__1.0__3500___1500 0.109705105424 603.8 61.0 603.8 110.8 577.4 110.8 577.4 61.0
P1651__1.0__3400___2500 0.138759672642 562.7 594.7 525.4 621.3 489.4 585.2 526.7 558.6
P1371__1.0__3000___1500 0.148253276944 629.1 528.7 591.6 621.9 542.8 570.9 580.3 477.6
P2724__1.0__3000___1500 0.185576394200 152.4 416.7 123.0 424.5 107.5 395.6 136.8 387.8
P2724__1.0__3000___1500 0.131956487894 67.6 396.0 39.8 397.9 33.5 368.6 61.3 366.7
P5789__1.0__23500___27020 0.281745314598 624.5 269.6 500.7 352.4 420.3 262.1 544.1 179.3
P2542__1.0__0___1500 0.133146554232 299.1 205.1 299.1 223.7 249.4 223.7 249.4 205.1
P2429__1.0__500___500 0.136063903570 89.3 568.3 89.3 596.1 66.4 596.1 66.4 568.3
P1269__1.0__2500___1000 0.151751995087 69.0 550.4 69.0 621.2 -17.4 621.2 -17.4 550.4
P0770__1.0__1000___500 0.125791102648 269.9 474.9 106.9 678.0 -64.4 519.2 98.6 316.1
P2197__1.0__500___1089 0.160460352898 360.8 15.1 360.8 148.9 131.6 148.9 131.6 15.1
P1410__1.0__4000___1500 0.108179017901 522.3 522.9 422.6 648.7 306.6 543.1 406.3 417.3
P1410__1.0__4000___1500 0.101978138089 554.6 -24.1 554.6 275.6 305.5 275.6 305.5 -24.1
P2502__1.0__1000___1500 0.100688636303 21.4 450.9 21.4 505.3 -2.3 505.3 -2.3 450.9
P2504__1.0__1000___0 0.678428590298 242.0 581.9 159.7 622.1 113.6 478.5 195.9 438.3
P2504__1.0__1000___0 0.239692151546 381.5 448.0 324.3 470.5 302.5 388.8 359.6 366.2
P1410__1.0__3000___4500 0.156636506319 601.9 80.0 601.9 427.9 306.0 427.9 306.0 80.0
P2570__1.0__1199___865 0.134680584073 114.8 16.3 114.8 219.2 0.7 219.2 0.7 16.3
P2570__1.0__1199___865 0.108905546367 89.7 -4.2 89.7 23.9 65.5 23.9 65.5 -4.2
P1384__1.0__500___5000 0.161252513528 120.2 501.7 120.2 606.0 -12.8 606.0 -12.8 501.7
P1518__1.0__1500___2000 0.113106258214 259.4 423.4 259.4 468.7 216.3 468.7 216.3 423.4
P2169__1.0__0___0 0.120321929455 187.9 4.4 187.9 16.0 160.2 16.0 160.2 4.4
P4672__1.0__0___0 0.145421534777 563.7 215.7 554.5 246.6 542.3 245.0 551.6 214.0
P5789__1.0__2500___23000 0.247162550688 485.0 237.7 453.4 261.4 438.3 213.1 469.9 189.4
P7270__1.0__0___0 0.201538845897 229.9 432.0 229.9 467.4 150.4 467.4 150.4 432.0
P5789__1.0__27500___18500 0.100691854954 20.3 582.0 20.3 598.8 -1.9 598.8 -1.9 582.0
P1246__1.0__1000___500 0.429911434650 432.5 53.0 389.1 134.1 355.3 112.8 398.7 31.7
P7427__1.0__424___0 0.307406783104 77.7 236.8 49.5 239.0 45.7 198.8 73.9 196.6
P2718__1.0__0___1000 0.318291842937 602.6 207.3 602.6 276.7 576.8 276.7 576.8 207.3
P2718__1.0__0___1000 0.111440144479 585.8 203.7 585.8 264.5 522.1 264.5 522.1 203.7
P2724__1.0__1500___1000 0.447701007128 118.8 496.0 67.4 545.0 36.1 516.9 87.5 467.9
P2724__1.0__1500___1000 0.170765206218 439.9 247.9 425.4 272.3 404.7 261.1 419.2 236.7
P2724__1.0__1500___1000 0.168563365936 417.2 288.9 400.7 294.8 386.6 275.4 403.1 269.6
P2724__1.0__1500___1000 0.166775465012 556.1 228.7 540.1 235.8 527.2 216.9 543.1 209.7
P2724__1.0__1500___1000 0.128617614508 429.4 428.5 429.4 456.4 407.4 456.4 407.4 428.5
P1566__1.0__2500___3400 0.104341991246 321.9 -19.3 321.9 38.6 217.9 38.6 217.9 -19.3
P5789__1.0__22000___500 0.168880090117 188.5 178.6 72.4 234.3 15.3 136.8 131.4 81.2
P4265__1.0__0___0 0.240504071116 482.1 3.9 450.2 37.4 434.5 22.8 466.5 -10.6
P1410__1.0__4000___1000 0.100986845791 626.4 154.0 626.4 330.5 505.7 330.5 505.7 154.0
P5789__1.0__13000___0 0.456976711750 604.7 587.4 526.2 620.4 447.6 393.0 526.1 360.0
P1371__1.0__3000___2500 0.144455432892 571.7 251.7 499.3 295.5 456.4 168.3 528.8 124.5
P9170__1.0__424___0 0.153323203325 308.9 269.5 285.8 280.5 272.5 246.4 295.6 235.4
P1342__1.0__2500___1500 0.189638018608 240.2 45.1 240.2 119.4 51.1 119.4 51.1 45.1
P1386__1.0__3500___2500 0.103812046349 434.7 526.9 366.8 593.6 297.0 491.7 364.8 425.0
P5789__1.0__25500___6500 0.210118040442 28.9 4.9 13.5 26.4 -7.3 13.7 8.1 -7.9
P3044__1.0__424___0 0.204768210649 406.9 526.3 406.9 565.3 356.0 565.3 356.0 526.3
P3044__1.0__424___0 0.139172330499 503.0 302.0 486.2 325.6 462.4 310.4 479.3 286.9
P3044__1.0__424___0 0.106558367610 175.6 434.5 175.6 458.3 133.2 458.3 133.2 434.5
P2714__1.0__3500___500 0.347083449364 483.9 510.6 483.9 557.7 448.7 557.7 448.7 510.6
P2714__1.0__3500___500 0.191120028496 266.5 370.5 248.4 405.2 224.6 395.3 242.6 360.6
P1518__1.0__0___2500 0.392639219761 243.2 341.7 223.4 403.9 184.4 383.1 204.2 321.0
P1518__1.0__0___2500 0.103103905916 329.1 549.3 329.1 630.4 202.2 630.4 202.2 549.3
P2714__1.0__3000___1500 0.163355007768 608.1 74.7 608.1 113.3 579.6 113.3 579.6 74.7
P2714__1.0__3000___1500 0.158260494471 280.1 -6.3 280.1 18.5 251.7 18.5 251.7 -6.3
P2714__1.0__3000___1500 0.153289049864 229.8 140.8 210.4 157.3 198.2 142.7 217.5 126.2
P2714__1.0__3000___1500 0.103162847459 219.6 68.4 219.6 87.8 160.7 87.8 160.7 68.4
P1754__1.0__2000___500 0.104231961071 632.1 87.0 571.9 172.8 484.9 91.9 545.1 6.1
P2714__1.0__3000___1000 0.361341983080 288.4 478.8 275.2 513.4 257.2 501.7 270.4 467.1
P2714__1.0__3000___1000 0.256423830986 590.1 84.5 590.1 135.5 557.5 135.5 557.5 84.5
P2714__1.0__3000___1000 0.166891992092 109.6 4.3 66.0 33.6 53.4 15.4 97.0 -13.9
P2714__1.0__3000___1000 0.118957772851 224.4 567.3 224.4 588.4 155.6 588.4 155.6 567.3
P1377__1.0__3194___2000 0.106801003218 550.7 510.2 494.1 586.2 437.7 549.8 494.2 473.9
P1332__1.0__2000___500 0.216729760170 609.3 254.0 513.1 269.2 506.5 214.4 602.6 199.2
P7746__1.0__424___424 0.498798877001 71.0 -1.0 71.0 37.1 37.8 37.1 37.8 -1.0
P1770__1.0__2500___3000 0.120068006217 374.3 33.8 344.6 48.5 326.7 10.2 356.5 -4.6
P1770__1.0__2500___3000 0.110629387200 445.4 -10.9 445.4 30.5 374.3 30.5 374.3 -10.9
P1342__1.0__2000___1000 0.108049988747 604.9 575.3 604.9 605.2 566.4 605.2 566.4 575.3
P2011__1.0__0___500 0.127970039845 505.1 -3.4 505.1 358.9 82.6 358.9 82.6 -3.4
P2714__1.0__3500___0 0.186446174979 197.7 4.8 197.7 23.3 158.0 23.3 158.0 4.8
P2714__1.0__3500___0 0.119782879949 254.7 158.2 254.7 205.5 213.3 205.5 213.3 158.2
P2714__1.0__3500___0 0.118643686175 427.1 440.0 427.1 475.5 376.6 475.5 376.6 440.0
P2194__1.0__1000___1500 0.114426307380 636.7 137.5 636.7 361.9 447.6 361.9 447.6 137.5
P1584__1.0__3000___2000 0.113471172750 519.1 109.1 519.1 190.1 453.2 190.1 453.2 109.1
P5155__1.0__424___424 0.364166766405 362.5 570.1 362.5 587.0 304.9 587.0 304.9 570.1
P1903__1.0__500___0 0.102651253343 536.0 361.4 322.2 637.2 118.2 440.7 332.1 164.9
P2570__1.0__0___500 0.108755029738 411.2 159.5 411.2 460.1 96.3 460.1 96.3 159.5
P2714__1.0__500___500 0.138622671366 585.7 232.8 585.7 244.1 553.8 244.1 553.8 232.8
P1586__1.0__2000___2000 0.112561002374 550.1 216.9 550.1 267.0 470.3 267.0 470.3 216.9
P1604__1.0__0___1000 0.142903298140 343.4 361.0 286.3 373.7 268.2 340.3 325.3 327.6
P1581__1.0__3692___3400 0.155248671770 380.8 494.7 344.6 510.7 320.6 470.3 356.9 454.3
P1566__1.0__1500___500 0.138444960117 293.7 557.5 293.7 622.4 181.9 622.4 181.9 557.5
P10137__1.0__0___424 0.138325899839 548.9 111.5 548.9 148.2 520.2 148.2 520.2 111.5
P5789__1.0__20500___14500 0.386447638273 564.1 588.5 468.1 622.1 416.6 431.6 512.6 398.1
P1471__1.0__2000___0 0.122676484287 583.9 488.4 583.9 579.5 515.8 579.5 515.8 488.4
P2722__1.0__500___1500 0.144000574946 453.8 314.7 453.8 329.4 430.0 329.4 430.0 314.7
P2718__1.0__1500___1500 0.378631412983 537.5 209.4 506.1 228.7 483.9 154.5 515.3 135.3
P2718__1.0__1500___1500 0.139859542251 449.0 529.7 438.2 586.7 419.1 586.2 429.8 529.2
P1732__1.0__1000___500 0.534865140915 399.4 285.5 335.8 351.0 284.2 208.8 347.8 143.3
P2404__1.0__2000___500 0.217537462711 176.1 180.3 161.0 218.6 92.5 191.5 107.5 153.2
P5752__1.0__0___424 0.187999248505 294.8 161.2 294.8 187.6 276.2 187.6 276.2 161.2
P6661__1.0__0___424 0.139117777348 88.1 184.1 66.5 186.3 60.1 163.8 81.7 161.6
P6661__1.0__0___424 0.133532077074 54.0 289.3 39.7 295.5 23.9 267.6 38.1 261.4
P5789__1.0__28600___10000 0.122409135103 608.1 555.6 608.1 607.5 571.4 607.5 571.4 555.6
P5789__1.0__28600___1500 0.254787683487 599.3 11.0 599.3 49.5 540.6 49.5 540.6 11.0
P2721__1.0__1500___0 0.109870314598 74.3 117.1 50.9 133.2 34.6 110.6 58.0 94.5
P2721__1.0__1500___0 0.107211254537 627.6 116.0 627.6 239.7 544.1 239.7 544.1 116.0
P1693__1.0__1000___2500 0.405237287283 518.1 253.2 431.2 272.6 349.9 14.8 436.7 -4.7
P5789__1.0__25500___12000 0.131190761924 43.4 529.6 43.4 617.9 -7.9 617.9 -7.9 529.6
P1581__1.0__0___3000 0.108598299325 230.5 41.3 68.5 73.4 29.3 2.7 191.3 -29.5
P2714__1.0__0___1000 0.410643219948 384.5 411.2 365.2 415.2 350.1 377.7 369.5 373.7
P2714__1.0__0___1000 0.308349579573 473.6 202.8 473.6 264.0 451.7 264.0 451.7 202.8
P2714__1.0__0___1000 0.204066082835 566.2 164.4 566.2 183.1 525.5 183.1 525.5 164.4
P2724__1.0__1500___1500 0.509062469006 113.0 249.7 81.3 265.9 52.1 202.1 83.8 185.9
P2724__1.0__1500___1500 0.416163921356 116.1 8.0 69.5 39.4 39.0 11.5 85.5 -19.9
P2724__1.0__1500___1500 0.247569352388 476.9 150.1 465.4 177.9 448.0 167.2 459.5 139.4
P1742__1.0__2000___1500 0.226033404469 82.4 568.1 20.3 617.2 -22.8 499.9 39.3 450.8
P1742__1.0__2000___1500 0.128233850002 628.9 54.2 628.9 182.2 511.1 182.2 511.1 54.2
P2481__1.0__1731___0 0.173204392195 46.2 297.3 46.2 402.7 -10.7 402.7 -10.7 297.3
P2271__1.0__1000___0 0.117019012570 625.1 449.9 625.1 562.6 459.2 562.6 459.2 449.9
P2375__1.0__965___1000 0.100245416164 333.1 0.2 327.2 23.5 294.9 12.3 300.8 -10.9
P2194__1.0__1116___1572 0.139394000173 533.3 48.3 533.3 307.4 326.9 307.4 326.9 48.3
P5789__1.0__7500___0 0.154813706875 426.6 391.5 280.8 481.3 185.6 396.5 331.4 306.8
P7799__1.0__0___424 0.252579718828 605.7 43.8 581.4 59.7 575.3 40.7 599.6 24.7
P7799__1.0__0___0 0.176156088710 603.9 445.8 603.9 478.9 577.1 478.9 577.1 445.8
P5789__1.0__19500___9500 0.403532743454 388.8 461.7 294.1 521.3 224.0 327.0 318.7 267.4
P2488__1.0__0___500 0.158423721790 235.6 580.8 235.6 598.4 207.6 598.4 207.6 580.8
P5789__1.0__28600___1000 0.110040083528 600.5 511.7 600.5 548.6 546.7 548.6 546.7 511.7
P5789__1.0__17000___9500 0.379602789879 619.8 485.5 501.5 529.7 448.4 470.3 566.6 426.1
P5789__1.0__17000___9500 0.113532125950 244.2 318.8 197.7 352.5 128.2 189.4 174.7 155.7
P1342__1.0__0___0 0.416564434767 293.7 481.1 242.5 500.6 182.1 379.6 233.2 360.2
P1342__1.0__0___0 0.130484655499 33.9 483.1 6.6 499.7 -14.7 424.0 12.6 407.4
P5789__1.0__14500___13000 0.248646974564 239.3 580.4 144.0 619.7 85.7 447.6 180.9 408.4
P1377__1.0__2500___0 0.102004989982 195.7 94.1 124.4 188.4 72.5 143.0 143.8 48.7
P1246__1.0__1000___0 0.153988867998 422.9 562.1 397.1 601.7 372.8 586.6 398.7 546.9
P1598__1.0__3400___2000 0.123574942350 233.0 151.0 200.2 169.8 187.2 140.8 220.1 122.0
P1432__1.0__1000___1000 0.215947911143 613.7 -11.9 613.7 143.8 566.3 143.8 566.3 -11.9
P1386__1.0__3500___2956 0.144101127982 63.4 255.9 63.4 396.4 -19.5 396.4 -19.5 255.9
P1386__1.0__3500___2956 0.100684277713 434.2 88.6 384.9 134.2 305.0 26.3 354.3 -19.3
P8324__1.0__424___0 0.136429429054 603.7 312.6 588.3 331.7 577.8 323.0 593.2 303.9
P8324__1.0__424___0 0.117100581527 363.7 96.3 363.7 116.6 337.3 116.6 337.3 96.3
P2121__1.0__240___0 0.198284119368 266.1 384.0 266.1 628.5 10.1 628.5 10.1 384.0
P1584__1.0__1000___3500 0.123444505036 287.3 436.7 287.3 591.1 180.3 591.1 180.3 436.7
P2722__1.0__1000___500 0.239424496889 596.7 594.6 576.9 602.2 558.9 561.4 578.6 553.8
P2722__1.0__1000___500 0.136405229568 56.4 209.9 32.6 232.2 19.7 209.8 43.5 187.5
P2722__1.0__1000___500 0.115684501827 549.6 18.1 520.7 29.3 501.4 -5.7 530.3 -17.0
P2714__1.0__1500___0 0.112922042608 504.3 267.6 504.3 288.9 483.5 288.9 483.5 267.6
P1763__1.0__2000___3400 0.124697156250 426.5 305.8 409.9 333.9 392.3 314.5 408.9 286.4
P2724__1.0__2500___1000 0.170190498233 541.2 3.4 541.2 33.8 520.9 33.8 520.9 3.4
P6357__1.0__424___0 0.201858848333 603.8 576.5 595.8 604.9 552.8 602.3 560.8 573.9
P1410__1.0__4736___2000 0.118691541255 257.6 10.9 257.6 296.7 18.7 296.7 18.7 10.9
P2718__1.0__2500___1500 0.294374138117 260.8 142.9 212.9 188.8 183.6 164.4 231.5 118.5
P2718__1.0__2500___1500 0.254048436880 545.4 42.5 535.1 63.4 522.5 58.5 532.8 37.6
P2718__1.0__2500___1500 0.245847910643 143.8 46.2 143.8 69.6 115.7 69.6 115.7 46.2
P2718__1.0__2500___1500 0.119996339083 522.2 5.6 522.2 31.2 499.3 31.2 499.3 5.6
P3106__1.0__424___424 0.120766274631 206.1 444.3 109.6 582.5 -48.5 462.7 48.0 324.5
P5789__1.0__19500___20500 0.347139954567 291.6 266.1 206.0 295.2 136.7 66.3 222.3 37.2
P2413__1.0__1500___1000 0.125799521804 134.4 166.1 134.4 206.4 101.8 206.4 101.8 166.1
P2331__1.0__1500___500 0.103753171861 24.7 74.7 24.7 105.2 3.2 105.2 3.2 74.7
P1732__1.0__3500___1000 0.530842721462 422.8 278.5 352.3 305.0 300.5 118.5 371.1 92.1
P1752__1.0__3000___1500 0.241864874959 98.5 93.6 98.5 238.4 16.8 238.4 16.8 93.6
P2241__1.0__0___0 0.140418753028 227.5 264.1 161.6 299.3 111.9 212.4 177.8 177.3
P5789__1.0__27500___15500 0.130831480026 120.0 14.7 56.1 38.5 20.1 4.8 84.0 -19.1
P1713__1.0__2500___2000 0.111598484218 398.9 513.3 372.9 567.8 349.1 555.0 375.1 500.5
P5789__1.0__16500___10000 0.363142848015 361.1 452.9 280.5 517.7 234.9 399.4 315.4 334.6
P1225__1.0__1500___2500 0.150168016553 73.9 566.8 13.8 590.9 -21.8 486.4 38.3 462.4
P1373__1.0__2500___0 0.464857906103 498.2 151.7 408.3 162.3 385.7 12.4 475.6 1.8
P1604__1.0__1500___2000 0.112593576312 116.8 106.7 116.8 192.5 30.3 192.5 30.3 106.7
P2721__1.0__3000___500 0.143722876906 124.6 497.5 124.6 514.2 96.0 514.2 96.0 497.5
P2721__1.0__3000___500 0.140256389976 608.1 484.0 608.1 591.9 572.0 591.9 572.0 484.0
P2721__1.0__3000___500 0.132759064436 182.4 361.0 182.4 393.9 157.7 393.9 157.7 361.0
P2745__1.0__1500___0 0.128117278218 119.2 429.8 119.2 470.1 52.5 470.1 52.5 429.8
P1373__1.0__1500___2000 0.195551395416 599.8 564.4 599.8 607.2 539.5 607.2 539.5 564.4
P1410__1.0__2000___4000 0.123271822929 325.2 558.0 325.2 622.7 142.4 622.7 142.4 558.0
P5789__1.0__26500___12500 0.114505164325 70.1 529.6 70.1 610.4 -10.7 610.4 -10.7 529.6
P10994__1.0__0___424 0.122915998101 416.6 109.2 416.6 167.0 372.4 167.0 372.4 109.2
P2542__1.0__500___500 0.461847186089 286.0 523.9 215.7 646.0 118.4 599.7 188.7 477.6
P2542__1.0__500___500 0.153602927923 197.5 391.1 136.1 459.3 62.0 389.1 123.4 320.9
P5789__1.0__27000___19500 0.111800849438 121.5 566.4 121.5 613.4 1.7 613.4 1.7 566.4
P1332__1.0__2500___500 0.110513970256 96.0 243.1 25.5 258.6 19.8 217.7 90.3 202.2
P2714__1.0__3937___1850 0.196693941951 318.6 444.6 318.6 487.3 292.9 487.3 292.9 444.6
P2714__1.0__3937___1850 0.162335664034 550.5 338.0 534.1 341.2 528.2 314.8 544.6 311.6
P2714__1.0__3937___1850 0.137331426144 607.6 294.8 607.6 365.7 572.5 365.7 572.5 294.8
P2745__1.0__2500___0 0.145456165075 337.7 466.1 337.7 513.9 307.1 513.9 307.1 466.1
P1373__1.0__2500___500 0.146523877978 585.6 369.7 486.0 443.8 371.4 298.3 471.1 224.2
P1377__1.0__500___0 0.158909335732 423.8 506.4 423.8 602.5 364.8 602.5 364.8 506.4
P1377__1.0__500___0 0.148957416415 412.2 257.4 267.7 478.5 105.9 321.0 250.3 99.8
P9594__1.0__1500___500 0.101013161242 638.6 359.5 535.5 432.3 454.1 284.6 557.2 211.8
P4083__1.0__424___0 0.248820945621 59.6 393.3 59.6 433.9 16.5 433.9 16.5 393.3
P2011__1.0__0___0 0.188423246145 440.5 410.7 440.5 617.5 147.9 617.5 147.9 410.7
P2404__1.0__4000___3500 0.103904575109 199.4 583.6 145.5 595.2 132.1 564.4 186.0 552.9
P5789__1.0__18500___11000 0.115582399070 459.7 559.5 459.7 620.4 368.1 620.4 368.1 559.5
P2012__1.0__0___0 0.614910900593 344.1 42.8 344.1 131.1 211.6 131.1 211.6 42.8
P2504__1.0__1020___500 0.544435799122 220.9 113.7 133.0 139.5 95.5 2.7 183.3 -23.1
P1342__1.0__3400___500 0.171887919307 32.7 166.9 32.7 228.5 -14.3 228.5 -14.3 166.9
P2724__1.0__1500___1856 0.107907034457 36.0 311.4 16.1 319.9 9.2 300.7 29.1 292.2
P1586__1.0__3000___1500 0.291911870241 610.8 564.7 583.9 613.6 544.3 589.9 571.3 541.0
P5789__1.0__15000___12500 0.277464836836 362.7 54.3 229.9 114.3 161.4 29.8 294.2 -30.1
P1342__1.0__3000___500 0.542839586735 430.3 205.6 326.4 258.2 284.8 216.3 388.8 163.7
P1268__1.0__3000___1000 0.366473525763 395.4 591.7 351.3 613.8 327.6 518.1 371.7 496.0
P4083__1.0__0___424 0.198126852512 97.1 180.2 97.1 248.2 42.4 248.2 42.4 180.2
P2330__1.0__1000___0 0.113579213619 36.4 26.9 36.4 57.3 15.8 57.3 15.8 26.9
P2721__1.0__0___500 0.493755400181 391.9 445.7 391.9 510.0 356.3 510.0 356.3 445.7
P2721__1.0__0___500 0.188630074263 580.1 164.3 580.1 190.4 561.7 190.4 561.7 164.3
P2721__1.0__0___500 0.186599984765 258.9 430.6 258.9 461.0 233.3 461.0 233.3 430.6
P2721__1.0__0___500 0.126525789499 429.6 -0.5 429.6 28.7 415.0 28.7 415.0 -0.5
P10795__1.0__424___424 0.275208920240 342.3 299.0 309.4 313.7 300.7 297.5 333.7 282.8
P5789__1.0__21000___15000 0.128498315811 70.9 -5.1 70.9 129.1 -26.9 129.1 -26.9 -5.1
P5789__1.0__28600___6000 0.118969917297 93.3 563.4 93.3 616.9 6.2 616.9 6.2 563.4
P5789__1.0__13500___500 0.157182857394 103.3 90.0 29.7 116.7 -11.9 10.7 61.7 -16.0
P2714__1.0__1000___1850 0.373461276293 499.2 362.4 499.2 394.1 456.9 394.1 456.9 362.4
P2714__1.0__1000___1850 0.267700314522 340.9 151.7 319.2 149.8 318.9 117.5 340.7 119.4
P2721__1.0__3000___1853 0.294092655182 408.7 157.4 408.7 181.8 355.6 181.8 355.6 157.4
P2721__1.0__3000___1853 0.214784279466 486.9 464.8 470.7 472.9 454.1 451.5 470.4 443.4
P2504__1.0__1000___500 0.560866653919 242.4 120.4 151.0 144.7 114.2 -4.0 205.7 -28.3
P2504__1.0__1000___500 0.133680209517 296.3 16.6 263.2 32.8 244.0 11.5 277.1 -4.6
P2768__1.0__861___1500 0.165149152279 50.6 500.6 50.6 534.3 33.0 534.3 33.0 500.6
P2768__1.0__861___1500 0.142210438848 51.0 559.6 51.0 588.9 32.2 588.9 32.2 559.6
P2768__1.0__861___1500 0.116893284023 54.4 254.0 54.4 294.2 21.3 294.2 21.3 254.0
P2768__1.0__861___1500 0.114582754672 51.7 406.9 51.7 437.7 33.1 437.7 33.1 406.9
P2721__1.0__0___1853 0.296943724155 39.5 265.9 39.5 330.5 4.1 330.5 4.1 265.9
P2194__1.0__0___1572 0.220473796129 315.6 9.7 315.6 145.6 128.7 145.6 128.7 9.7
P2766__1.0__2500___2000 0.109532035887 329.6 388.6 329.6 479.7 234.8 479.7 234.8 388.6
P1763__1.0__2500___2500 0.120883427560 616.2 -10.6 616.2 54.8 555.3 54.8 555.3 -10.6
P2754__1.0__2500___1500 0.132804960012 402.7 6.9 402.7 60.5 361.6 60.5 361.6 6.9
P5789__1.0__5000___20500 0.105562932789 186.1 399.6 88.4 456.2 -30.1 342.0 67.6 285.5
P2394__1.0__500___0 0.295437008142 540.4 46.1 540.4 79.0 521.1 79.0 521.1 46.1
P1371__1.0__3000___2000 0.145387679338 621.4 42.4 595.3 132.7 550.0 80.9 576.1 -9.3
P1240__1.0__0___1000 0.120429769158 250.1 306.1 236.4 318.0 210.5 290.4 224.2 278.5
P0822__1.0__622___0 0.133683457971 193.7 516.9 193.7 606.3 10.1 606.3 10.1 516.9
P2745__1.0__0___0 0.103998735547 585.1 196.1 571.8 208.5 546.7 191.4 560.0 179.0
P5789__1.0__16500___6500 0.101936005056 607.9 129.8 607.9 258.3 548.0 258.3 548.0 129.8
P1732__1.0__2500___3400 0.214853569865 603.4 56.2 560.3 82.6 536.3 27.0 579.4 0.6
P2722__1.0__1000___0 0.162041738629 437.7 499.8 407.2 513.2 398.5 497.1 429.1 483.7
P0130__1.0__0___260 0.551073789597 498.7 208.3 452.1 283.4 409.7 187.7 456.4 112.5
P0130__1.0__0___260 0.136438712478 461.5 10.6 448.3 35.7 422.6 25.7 435.8 0.6
P0131__1.0__500___0 0.106964945793 142.9 408.7 142.9 603.2 -11.3 603.2 -11.3 408.7
P1432__1.0__0___2500 0.379168957472 338.9 419.4 227.3 452.6 152.6 208.4 264.2 175.1
P1315__1.0__0___1000 0.123358584940 611.8 440.4 611.8 603.5 567.9 603.5 567.9 440.4
P1604__1.0__3400___2500 0.135581552982 613.4 293.7 547.4 309.0 526.6 215.0 592.6 199.7
P2570__1.0__1199___0 0.103872060776 433.4 435.7 433.4 632.3 178.6 632.3 178.6 435.7
P2722__1.0__0___1846 0.250075638294 421.7 488.3 421.7 531.5 397.9 531.5 397.9 488.3
P1371__1.0__0___0 0.155705124140 270.6 8.5 210.6 55.6 182.2 19.3 242.3 -27.9
P2592__1.0__500___0 0.171480312943 445.0 265.6 293.6 434.0 160.1 352.7 311.4 184.3
P5789__1.0__28600___5000 0.374437272549 625.6 240.6 578.0 247.4 554.7 99.4 602.3 92.6
P5789__1.0__28600___5000 0.106448180974 566.3 203.3 532.4 205.8 525.3 169.1 559.3 166.6
P5789__1.0__25500___19500 0.102124765515 35.6 531.5 35.6 600.6 -16.0 600.6 -16.0 531.5
P0131__1.0__0___500 0.136741995811 600.7 34.1 600.7 305.9 371.4 305.9 371.4 34.1
P1230__1.0__3500___2500 0.126510173082 614.9 567.5 614.9 612.9 500.9 612.9 500.9 567.5
P1471__1.0__500___1500 0.106928102672 263.5 535.6 263.5 644.1 108.0 644.1 108.0 535.6
P2689__1.0__1500___2000 0.212244540453 459.0 457.4 300.6 524.5 251.4 465.7 409.8 398.7
P9397__1.0__0___424 0.160353258252 306.9 257.4 306.9 331.0 273.3 331.0 273.3 257.4
P5789__1.0__14500___13500 0.263013005257 233.6 97.8 155.4 125.3 106.1 1.6 184.3 -25.9
P5789__1.0__27500___10000 0.123259507120 124.2 178.3 21.3 233.1 -24.4 185.8 78.5 131.0
P1410__1.0__4500___2000 0.128895118833 477.3 9.6 477.3 290.9 270.7 290.9 270.7 9.6
P1410__1.0__4500___2000 0.118894942105 499.6 484.2 499.6 607.3 335.9 607.3 335.9 484.2
P1410__1.0__4500___2000 0.101137548685 190.6 485.9 190.6 582.0 37.0 582.0 37.0 485.9
P2342__1.0__1000___1500 0.101800195873 225.7 39.9 188.1 51.3 186.1 36.2 223.7 24.8
P1410__1.0__4500___4000 0.130247920752 604.1 336.2 604.1 500.0 536.3 500.0 536.3 336.2
P2721__1.0__3500___500 0.330526202917 119.1 501.8 119.1 581.3 85.1 581.3 85.1 501.8
P2385__1.0__0___1000 0.131862774491 427.7 159.5 401.6 166.9 385.6 124.0 411.6 116.6
P1474__1.0__1500___2500 0.216773927212 358.1 -3.8 358.1 151.8 222.0 151.8 222.0 -3.8
P1754__1.0__3000___0 0.169892013073 59.1 559.1 59.1 612.6 -7.3 612.6 -7.3 559.1
P1650__1.0__1000___2000 0.149221718311 536.8 179.2 536.8 256.5 450.8 256.5 450.8 179.2
P0130__1.0__128___260 0.562171816826 370.4 209.9 324.2 282.9 282.5 186.1 328.6 113.2
P0130__1.0__128___260 0.123702809215 340.0 13.1 320.9 37.4 296.0 22.7 315.1 -1.6
P7799__1.0__424___0 0.405860155821 205.9 458.6 170.9 479.7 158.3 466.6 193.3 445.5
P7746__1.0__424___0 0.553344726562 70.7 420.2 70.7 456.8 37.3 456.8 37.3 420.2
P1410__1.0__3500___5000 0.103778243065 105.4 -0.2 105.4 92.0 -6.0 92.0 -6.0 -0.2
P2721__1.0__1000___0 0.155904561281 576.9 113.6 550.1 128.1 532.2 107.2 559.0 92.7
P1240__1.0__1000___2000 0.226028829813 528.2 343.2 430.1 433.1 387.3 405.2 485.3 315.2
P2502__1.0__2000___1824 0.213067606091 230.5 290.1 191.1 336.1 93.4 265.1 132.8 219.1
P1647__1.0__1000___1500 0.465595483780 354.5 253.4 178.6 327.1 106.9 240.3 282.8 166.6
P6143__1.0__424___424 0.101044349372 333.5 9.5 305.2 31.5 262.3 10.5 290.6 -11.5
P1384__1.0__1500___0 0.105992153287 115.4 275.4 81.9 439.5 -7.7 398.9 25.8 234.8
P1384__1.0__1500___0 0.101315096021 602.0 573.3 602.0 606.6 569.5 606.6 569.5 573.3
P1542__1.0__1000___2000 0.166505798697 547.7 400.5 526.8 437.7 503.8 419.9 524.8 382.7
P1518__1.0__2000___0 0.270523190498 321.6 512.2 291.3 534.3 266.9 492.1 297.3 470.0
P1732__1.0__0___2000 0.126978367567 388.5 19.3 333.6 49.9 294.8 0.8 349.6 -29.8
P2718__1.0__0___500 0.269208729267 546.2 393.7 546.2 417.4 506.8 417.4 506.8 393.7
P2718__1.0__0___500 0.124784335494 609.4 53.3 594.3 70.8 571.3 47.7 586.4 30.1
P1410__1.0__4736___1500 0.161465406418 272.8 465.6 272.8 595.1 203.3 595.1 203.3 465.6
P1410__1.0__4736___1500 0.120492167771 218.2 464.0 218.2 603.6 65.3 603.6 65.3 464.0
P5789__1.0__26000___20500 0.218376174569 261.7 312.7 204.1 328.0 166.3 180.7 224.0 165.4
P2714__1.0__3500___1500 0.158133894205 110.5 77.8 99.0 104.2 85.9 96.2 97.3 69.7
P5789__1.0__28000___14000 0.159317895770 36.7 501.2 14.5 509.6 -0.1 470.4 22.2 462.0
P10137__1.0__0___0 0.150308445096 522.9 565.8 522.9 606.0 488.0 606.0 488.0 565.8
P1586__1.0__3400___1500 0.327852159739 271.0 581.9 216.2 647.5 133.2 589.8 187.9 524.2
P1586__1.0__3400___1500 0.168359160423 412.2 533.5 361.2 606.7 288.1 542.6 339.1 469.5
P1763__1.0__3000___2000 0.101692788303 196.2 539.8 117.9 578.8 63.3 496.9 141.6 457.8
P1584__1.0__0___0 0.254545003176 558.3 42.7 514.8 86.6 468.9 58.1 512.5 14.1
P2404__1.0__2500___0 0.146830990911 612.9 567.1 612.9 612.1 558.0 612.1 558.0 567.1
P1342__1.0__1500___500 0.359331637621 405.8 269.9 345.4 270.7 333.1 174.2 393.5 173.4
P1342__1.0__1500___500 0.343586385250 395.9 425.1 395.9 489.7 319.2 489.7 319.2 425.1
P2197__1.0__1000___0 0.132774204016 619.1 464.1 619.1 611.8 536.8 611.8 536.8 464.1
P5789__1.0__17000___10500 0.126782745123 499.9 494.9 499.9 629.3 336.8 629.3 336.8 494.9
P1386__1.0__3000___2956 0.150284737349 555.1 387.7 485.9 402.7 464.3 272.5 533.4 257.4
P2724__1.0__2500___1856 0.271571606398 568.7 39.3 539.5 44.2 532.2 19.8 561.4 14.9
P2724__1.0__2500___1856 0.209086060524 23.5 186.8 23.5 265.4 -4.4 265.4 -4.4 186.8
P2714__1.0__3937___500 0.351016461849 47.1 509.1 47.1 558.8 13.4 558.8 13.4 509.1
P2714__1.0__3937___500 0.193389087915 435.1 542.7 412.8 574.2 392.1 566.3 414.4 534.8
P2714__1.0__3937___500 0.134953483939 488.1 469.5 488.1 510.4 444.0 510.4 444.0 469.5
P5789__1.0__21500___500 0.352171152830 621.4 185.6 521.4 234.1 471.0 162.5 571.0 114.0
P1579__1.0__3000___1000 0.102735869586 299.1 536.6 261.1 544.1 251.1 499.5 289.2 492.0
P2714__1.0__1500___1850 0.374257117510 369.8 559.6 355.3 576.5 329.3 556.9 343.8 539.9
P2714__1.0__1500___1850 0.164586678147 585.2 7.8 585.2 28.4 538.5 28.4 538.5 7.8
P2714__1.0__1500___1850 0.121806770563 337.7 582.5 329.1 595.6 306.6 582.8 315.2 569.8
P2714__1.0__1500___1850 0.116632722318 111.6 327.1 111.6 339.9 91.1 339.9 91.1 327.1
P2714__1.0__1500___1850 0.112005114555 581.5 404.0 581.5 424.0 558.4 424.0 558.4 404.0
P2714__1.0__2000___1500 0.345050036907 265.1 487.3 265.1 523.9 242.2 523.9 242.2 487.3
P2714__1.0__2000___1500 0.213656768203 92.9 357.8 92.9 382.8 46.3 382.8 46.3 357.8
P2714__1.0__2000___1500 0.106194086373 258.9 324.2 244.1 342.8 232.0 334.9 246.8 316.3
P2714__1.0__2000___1500 0.100456818938 94.5 82.4 94.5 113.3 28.9 113.3 28.9 82.4
P1738__1.0__1500___3400 0.100789517164 408.4 -17.0 408.4 36.3 339.4 36.3 339.4 -17.0
P1225__1.0__1000___2500 0.182060614228 576.0 568.2 525.9 593.9 475.8 484.9 525.8 459.3
P1570__1.0__3000___500 0.123543560505 127.8 277.4 103.4 288.4 84.9 254.2 109.4 243.2
P5789__1.0__26000___10500 0.265918999910 343.7 29.1 310.4 119.0 269.1 95.7 302.3 5.8
P2722__1.0__2500___1500 0.149313181639 145.4 279.4 127.9 299.7 113.9 284.6 131.4 264.3
P5949__1.0__0___0 0.242479354143 524.7 111.7 524.7 134.3 495.5 134.3 495.5 111.7
P1742__1.0__2000___2500 0.109110869467 646.0 91.3 646.0 272.7 486.2 272.7 486.2 91.3
P1752__1.0__2500___1500 0.247258245945 597.7 109.7 597.7 230.1 510.4 230.1 510.4 109.7
P1752__1.0__2500___1500 0.166829943657 512.8 214.2 440.2 246.1 403.4 133.6 476.0 101.8
P7270__1.0__0___424 0.305389046669 217.1 16.2 207.1 39.9 163.8 36.1 173.8 12.4
P4962__1.0__0___424 0.119918622077 208.9 554.9 208.9 569.2 171.6 569.2 171.6 554.9
P1257__1.0__3400___500 0.265469372272 377.5 403.1 326.5 416.8 291.2 304.7 342.2 291.0
P1230__1.0__4500___1500 0.229007020593 419.2 412.5 357.5 446.8 321.0 319.6 382.7 285.3
P2197__1.0__500___0 0.105501167476 416.4 303.0 323.7 410.0 227.9 301.1 320.6 194.2
P5789__1.0__26000___10000 0.358514547348 346.6 521.3 319.5 615.4 273.9 595.5 300.9 501.4
P5789__1.0__26000___10000 0.249789118767 495.1 80.5 471.4 84.6 461.4 43.2 485.1 39.1
P5789__1.0__13500___7500 0.129474475980 88.4 552.3 61.2 567.8 43.4 532.0 70.6 516.4
P2718__1.0__500___1000 0.343293726444 109.0 216.3 109.0 267.8 79.3 267.8 79.3 216.3
P2718__1.0__500___1000 0.209767267108 592.3 355.0 592.3 385.0 571.2 385.0 571.2 355.0
P2718__1.0__500___1000 0.100773900747 385.1 88.9 385.1 108.0 356.0 108.0 356.0 88.9
P5789__1.0__16500___18000 0.278297841549 478.5 335.6 403.2 375.2 357.5 205.5 432.8 165.9
P2404__1.0__3000___500 0.532753109932 164.2 235.2 93.3 249.2 64.4 89.9 135.2 75.8
P1542__1.0__1500___2000 0.300036072731 50.1 396.1 27.8 445.7 1.8 424.4 24.1 374.8
P5789__1.0__26000___9500 0.156250759959 492.0 576.3 471.9 582.1 463.4 548.2 483.5 542.4
P2413__1.0__1583___1000 0.126236423850 57.5 161.1 57.5 211.8 18.3 211.8 18.3 161.1
P2404__1.0__4500___3514 0.120601609349 640.9 58.8 578.0 170.6 515.9 104.4 578.7 -7.4
P2404__1.0__4500___3514 0.117657445371 118.9 8.0 90.0 39.1 44.8 12.4 73.8 -18.7
P1314__1.0__3400___1500 0.121624015272 593.3 414.3 593.3 476.7 410.0 476.7 410.0 414.3
P2722__1.0__2500___0 0.232249900699 121.2 268.4 98.6 272.8 83.3 232.9 105.9 228.5
P2722__1.0__2500___0 0.195920646191 383.7 198.3 366.0 254.4 341.4 254.5 359.1 198.4
P1570__1.0__3000___1000 0.191125094891 384.2 17.8 358.9 35.6 333.2 2.2 358.5 -15.6
P2404__1.0__1500___500 0.134314417839 607.7 154.0 607.7 209.7 572.4 209.7 572.4 154.0
P1386__1.0__0___1500 0.142321571708 538.1 452.9 468.7 521.8 409.6 453.2 479.0 384.3
P7746__1.0__0___0 0.516716957092 493.4 421.0 493.4 456.3 462.1 456.3 462.1 421.0
P7746__1.0__0___0 0.178013190627 138.0 -7.0 138.0 19.4 90.2 19.4 90.2 -7.0
P2408__1.0__1000___1963 0.202192664146 314.4 27.7 250.7 53.1 216.5 -8.4 280.2 -33.8
P2408__1.0__1000___1963 0.112579226494 372.2 154.4 324.5 179.1 279.5 98.2 327.1 73.5
P1542__1.0__2000___0 0.288877248764 591.7 277.5 561.4 290.3 548.8 253.6 579.1 240.8
P1373__1.0__3000___2500 0.269216984510 205.3 331.8 157.4 372.7 118.7 303.7 166.6 262.8
P1610__1.0__2500___500 0.128710404038 300.3 299.2 197.3 447.1 96.6 353.5 199.6 205.6
P2331__1.0__2500___500 0.583725333214 164.2 341.7 126.6 392.7 48.0 342.0 85.6 290.9
P2722__1.0__1000___1000 0.551037192345 543.4 373.1 517.1 388.3 491.7 326.4 518.0 311.2
P2722__1.0__1000___1000 0.253744453192 594.4 99.2 578.5 105.2 561.8 65.0 577.7 59.0
P2722__1.0__1000___1000 0.154232442379 345.8 -5.8 345.8 18.6 314.4 18.6 314.4 -5.8
P1583__1.0__3400___0 0.111505702138 620.6 66.7 620.6 169.2 558.8 169.2 558.8 66.7
P2502__1.0__0___500 0.121851101518 599.9 -5.6 599.9 33.3 579.1 33.3 579.1 -5.6
P2502__1.0__0___500 0.115026667714 370.7 -42.4 370.7 62.4 216.6 62.4 216.6 -42.4
P2502__1.0__0___500 0.114770613611 470.5 114.2 454.6 142.2 420.8 121.3 436.7 93.3
P5789__1.0__17000___10000 0.144305288792 567.6 -20.9 567.6 40.2 451.9 40.2 451.9 -20.9
P1596__1.0__1000___1500 0.136357724667 380.5 132.6 380.5 191.3 319.6 191.3 319.6 132.6
P1584__1.0__3500___0 0.133281707764 627.2 534.5 627.2 637.7 432.4 637.7 432.4 534.5
P0770__1.0__500___500 0.108386479318 670.1 397.4 483.4 640.2 287.1 484.0 473.8 241.3
P5949__1.0__424___0 0.290842652321 99.0 110.1 99.0 136.1 72.9 136.1 72.9 110.1
P2580__1.0__313___500 0.103360332549 380.3 442.4 206.0 614.1 41.3 385.4 215.6 213.6
P2993__1.0__424___0 0.216963276267 493.5 217.1 493.5 234.8 454.5 234.8 454.5 217.1
P2993__1.0__424___0 0.134902596474 575.8 328.9 575.8 339.6 547.8 339.6 547.8 328.9
P2993__1.0__424___0 0.134109809995 193.1 259.2 174.1 273.0 162.3 265.1 181.4 251.3
P2993__1.0__424___0 0.117751337588 39.1 97.2 39.1 112.7 13.0 112.7 13.0 97.2
P1693__1.0__1000___2000 0.251557201147 480.0 489.4 480.0 618.9 364.0 618.9 364.0 489.4
P2331__1.0__1000___1000 0.155908882618 445.6 124.6 423.0 146.6 383.7 119.2 406.2 97.2
P1700__1.0__3000___2500 0.280131846666 421.2 419.6 349.0 473.3 278.7 360.7 350.9 306.9
P0143__1.0__0___0 0.600454092026 439.3 280.1 439.3 441.7 356.6 441.7 356.6 280.1
P6868__1.0__424___424 0.217349424958 208.3 225.6 178.7 228.0 170.9 192.2 200.5 189.7
P5789__1.0__14500___10500 0.622041225433 384.5 110.5 253.5 184.1 164.6 95.3 295.5 21.7
P2539__1.0__0___0 0.112271733582 311.0 77.8 311.0 103.2 285.7 103.2 285.7 77.8
P2539__1.0__0___0 0.100705452263 270.7 104.4 270.7 139.6 245.4 139.6 245.4 104.4
P2768__1.0__0___1757 0.120397195220 298.8 166.1 298.8 228.3 272.7 228.3 272.7 166.1
P2722__1.0__0___1000 0.300315558910 275.3 199.6 275.3 284.8 224.9 284.8 224.9 199.6
P1518__1.0__0___3000 0.138670146465 260.5 534.9 167.5 579.6 119.7 437.4 212.7 392.8
P2714__1.0__500___1500 0.274970501661 22.3 218.7 22.3 257.6 -3.5 257.6 -3.5 218.7
P2714__1.0__500___1500 0.160316094756 335.3 530.0 335.3 546.4 300.2 546.4 300.2 530.0
P2714__1.0__500___1500 0.154688522220 499.4 49.7 499.4 82.7 481.4 82.7 481.4 49.7
P1456__1.0__2000___1000 0.115321122110 634.4 47.6 634.4 276.2 505.3 276.2 505.3 47.6
P5789__1.0__16000___16500 0.131573900580 322.4 253.3 322.4 431.4 226.0 431.4 226.0 253.3
P5789__1.0__15000___12000 0.182642802596 369.9 549.0 240.5 608.2 169.8 527.6 299.2 468.4
P1742__1.0__2500___1500 0.401393771172 221.7 104.1 87.8 165.6 23.0 91.8 156.9 30.3
P1240__1.0__3000___0 0.148200809956 618.2 587.3 579.6 621.7 504.9 576.5 543.5 542.1
P2714__1.0__3500___1000 0.451053678989 483.2 14.9 483.2 60.8 448.5 60.8 448.5 14.9
P2714__1.0__3500___1000 0.321777582169 94.6 136.6 71.9 142.7 60.8 91.9 83.5 85.8
P2714__1.0__3500___1000 0.210402458906 115.2 572.2 105.0 599.0 86.9 593.6 97.0 566.8
P1584__1.0__2500___4000 0.393056690693 164.5 128.7 74.2 151.6 24.0 -20.7 114.3 -43.6
P5789__1.0__24000___21000 0.102876782417 401.9 545.1 401.9 626.9 265.7 626.9 265.7 545.1
P1377__1.0__3194___2500 0.142201468349 445.6 -13.1 445.6 31.8 357.6 31.8 357.6 -13.1
P1377__1.0__3194___2500 0.125553488731 547.5 13.2 492.4 81.7 440.9 47.5 495.9 -21.1
P1679__1.0__0___3000 0.456048548222 431.3 306.1 353.6 325.4 324.6 291.0 402.4 271.7
P1679__1.0__0___3000 0.267175257206 163.7 433.6 163.7 602.8 64.3 602.8 64.3 433.6
P2721__1.0__0___1500 0.517651677132 534.2 212.4 534.2 279.4 493.7 279.4 493.7 212.4
P2721__1.0__0___1500 0.110914357007 518.3 273.9 518.3 322.0 494.4 322.0 494.4 273.9
P2721__1.0__3500___1853 0.108227990568 271.0 347.5 244.6 363.7 222.1 328.8 248.5 312.6
P1752__1.0__3400___3000 0.118449285626 95.9 570.9 95.9 609.6 36.0 609.6 36.0 570.9
P2570__1.0__1199___500 0.140713766217 495.2 3.5 495.2 376.3 148.9 376.3 148.9 3.5
P1184__1.0__1000___4000 0.136451974511 613.2 67.7 561.5 182.8 416.0 111.1 467.7 -4.0
P2718__1.0__500___500 0.217551246285 49.2 392.4 49.2 419.2 10.6 419.2 10.6 392.4
P1751__1.0__0___500 0.112663440406 44.8 33.5 44.8 121.9 15.0 121.9 15.0 33.5
P1184__1.0__1500___4000 0.117099642754 102.9 4.6 102.9 183.1 -27.5 183.1 -27.5 4.6
P2724__1.0__1500___500 0.232270941138 244.5 452.7 244.5 487.6 207.5 487.6 207.5 452.7
P2724__1.0__1500___500 0.162907496095 18.3 -1.8 18.3 21.6 -7.0 21.6 -7.0 -1.8
P2724__1.0__1500___500 0.139270529151 90.2 297.6 90.2 321.6 66.0 321.6 66.0 297.6
P2724__1.0__1500___500 0.109908394516 340.3 72.1 340.3 101.2 320.6 101.2 320.6 72.1
P2724__1.0__1500___500 0.109382562339 50.6 64.0 50.6 100.1 1.1 100.1 1.1 64.0
P1315__1.0__2000___1000 0.472157984972 262.1 485.3 144.6 517.9 86.2 287.4 203.6 254.7
P2718__1.0__1000___500 0.114868707955 513.8 300.3 513.8 320.5 489.5 320.5 489.5 300.3
P2718__1.0__1000___500 0.111617773771 467.1 110.1 467.1 133.2 425.2 133.2 425.2 110.1
P2722__1.0__1500___500 0.269976735115 96.5 596.8 77.3 605.0 59.6 566.9 78.8 558.7
P2722__1.0__1500___500 0.113025978208 394.6 275.3 377.8 279.7 368.7 257.6 385.5 253.2
P5750__1.0__424___0 0.149121418595 194.8 325.7 193.4 343.5 139.3 334.6 140.7 316.8
P5789__1.0__23500___25000 0.152134731412 55.2 -10.0 55.2 133.9 -35.5 133.9 -35.5 -10.0
P2718__1.0__3000___1000 0.289558321238 153.0 285.4 126.6 299.2 115.4 237.9 141.7 224.1
P2718__1.0__3000___1000 0.164886757731 395.5 573.5 395.5 598.1 377.5 598.1 377.5 573.5
P2718__1.0__3000___1000 0.150597348809 46.1 544.6 32.5 562.7 22.5 555.8 36.1 537.6
P1432__1.0__2500___2000 0.103833116591 484.7 -39.3 484.7 75.0 358.6 75.0 358.6 -39.3
P2404__1.0__500___2000 0.102786466479 565.1 551.3 532.5 576.9 503.0 557.3 535.5 531.7
P2714__1.0__1500___1500 0.226717412472 589.9 357.9 589.9 381.8 541.7 381.8 541.7 357.9
P2714__1.0__1500___1500 0.180614292622 580.0 85.5 580.0 110.0 535.4 110.0 535.4 85.5
P1577__1.0__1500___1000 0.443578094244 265.8 191.0 161.7 230.0 83.2 -3.7 187.3 -42.7
P1557__1.0__500___2000 0.151388674974 633.7 324.5 551.8 387.9 482.9 255.1 564.7 191.8
P2011__1.0__0___527 0.136343464255 480.1 -9.4 480.1 293.1 107.8 293.1 107.8 -9.4
P2331__1.0__1000___500 0.215445518494 410.5 590.0 382.4 610.3 345.0 589.7 373.1 569.4
P2429__1.0__0___2000 0.214696764946 142.1 569.7 142.1 610.9 -2.4 610.9 -2.4 569.7
P1581__1.0__1000___3000 0.108252987266 108.6 339.1 108.6 392.6 46.2 392.6 46.2 339.1
P1581__1.0__3500___3400 0.168721854687 577.6 494.7 539.9 515.0 507.5 470.4 545.2 450.2
P2724__1.0__1500___0 0.144833132625 526.1 46.6 526.1 92.7 469.8 92.7 469.8 46.6
P2724__1.0__1500___0 0.140231788158 50.9 559.9 50.9 595.8 -6.8 595.8 -6.8 559.9
P2330__1.0__0___0 0.483091235161 628.8 231.7 552.5 245.1 526.6 124.5 602.9 111.1
P2714__1.0__500___1850 0.277834445238 327.1 329.7 327.1 345.2 292.4 345.2 292.4 329.7
P2714__1.0__500___1850 0.204130381346 333.7 181.2 333.7 198.4 302.3 198.4 302.3 181.2
P2580__1.0__0___1000 0.111555956304 534.8 28.8 429.3 96.2 357.2 22.5 462.8 -44.8
P1647__1.0__1000___3000 0.119936890900 636.5 415.0 636.5 572.9 495.2 572.9 495.2 415.0
P3107__1.0__0___424 0.178060248494 371.7 525.1 371.7 543.4 352.9 543.4 352.9 525.1
P2718__1.0__3500___500 0.147952705622 394.4 446.2 394.4 470.9 337.6 470.9 337.6 446.2
P2721__1.0__2500___1500 0.204451516271 229.5 217.0 202.2 233.5 189.4 212.8 216.7 196.3
P2721__1.0__2500___1500 0.167204022408 584.9 17.3 554.6 18.7 554.3 2.6 584.5 1.1
P2721__1.0__2500___1500 0.129642218351 534.6 370.2 518.1 380.6 500.8 354.1 517.3 343.8
P2721__1.0__2500___1500 0.113101497293 514.1 380.8 514.1 414.6 465.9 414.6 465.9 380.8
P7800__1.0__424___424 0.224047824740 526.6 429.1 526.6 462.0 503.3 462.0 503.3 429.1
P1386__1.0__500___1500 0.105430200696 632.6 333.5 583.3 436.0 500.1 389.4 549.4 286.9
P1371__1.0__3400___2500 0.128617763519 162.1 259.4 104.6 282.7 74.0 160.6 131.5 137.3
P1230__1.0__4600___1500 0.212391719222 318.4 400.9 265.1 435.6 229.0 322.9 282.3 288.3
P2714__1.0__2000___0 0.401140630245 245.3 540.5 245.3 599.3 214.5 599.3 214.5 540.5
P2714__1.0__2000___0 0.159634992480 486.4 440.3 486.4 458.7 453.7 458.7 453.7 440.3
P2541__1.0__1500___1966 0.200175672770 252.7 342.1 230.8 344.3 224.4 310.4 246.3 308.2
P2718__1.0__2000___1846 0.411484032869 20.6 283.5 3.6 303.7 -9.5 281.3 7.5 261.0
P2718__1.0__2000___1846 0.105979926884 24.5 244.1 24.5 262.7 -4.7 262.7 -4.7 244.1
P2446__1.0__1000___0 0.106452122331 203.3 272.0 203.3 357.0 120.8 357.0 120.8 272.0
P3044__1.0__424___424 0.284067690372 406.7 124.4 376.1 142.7 356.4 121.3 387.0 103.1
P2197__1.0__500___1000 0.102330893278 407.1 -1.6 407.1 269.4 76.7 269.4 76.7 -1.6
P1604__1.0__3400___3000 0.115777947009 525.3 601.0 481.3 608.9 470.2 548.1 514.2 540.2
P2449__1.0__0___1654 0.152224466205 88.2 366.0 88.2 501.7 -4.5 501.7 -4.5 366.0
P2724__1.0__2000___0 0.106816157699 533.2 463.9 533.2 483.5 503.2 483.5 503.2 463.9
P2754__1.0__2500___2000 0.144366607070 227.2 272.3 150.0 340.8 10.0 291.2 87.3 222.6
P4183__1.0__424___0 0.274510890245 59.3 226.7 43.3 238.1 18.4 217.9 34.4 206.5
P2724__1.0__2500___500 0.207287982106 541.7 531.8 525.6 532.9 520.7 505.8 536.9 504.8
P7799__1.0__424___424 0.413008689880 204.7 38.0 165.7 56.4 151.9 39.7 190.9 21.2
P5789__1.0__14000___6000 0.461049616337 644.2 432.9 551.9 446.7 512.0 235.5 604.3 221.6
P1373__1.0__2000___2000 0.211473822594 107.5 591.7 65.7 615.1 40.1 587.7 81.9 564.3
P0130__1.0__0___0 0.570722222328 499.6 469.6 451.8 543.3 408.7 446.2 456.5 372.6
P5789__1.0__23000___5500 0.118605732918 405.6 286.4 375.5 303.1 357.4 238.2 387.6 221.5
P1583__1.0__0___0 0.104377903044 607.0 179.5 577.2 188.3 565.8 153.5 595.7 144.6
P1410__1.0__4000___2500 0.139202401042 439.3 6.2 439.3 301.5 188.7 301.5 188.7 6.2
P1377__1.0__3000___2500 0.137204200029 598.9 -9.9 598.9 28.9 548.1 28.9 548.1 -9.9
P5789__1.0__27500___14000 0.112644731998 535.0 576.5 436.9 598.0 420.2 492.1 518.3 470.6
P2733__1.0__1500___2012 0.105047576129 629.7 75.8 530.3 246.3 424.3 152.3 523.6 -18.3
P2375__1.0__965___1500 0.111322283745 55.9 574.5 12.9 594.0 4.9 573.5 47.9 554.0
P1432__1.0__1500___2000 0.244557276368 136.1 530.8 90.8 605.0 27.0 552.1 72.2 477.9
P1380__1.0__3797___2000 0.125655114651 505.1 74.0 505.1 129.5 466.0 129.5 466.0 74.0
P1586__1.0__0___1500 0.112256273627 144.0 13.0 99.2 40.9 68.0 7.6 112.8 -20.4
P2721__1.0__1000___500 0.303528904915 436.9 130.9 388.5 141.6 382.0 114.0 430.3 103.3
P2721__1.0__1000___500 0.141454577446 38.0 4.0 38.0 16.5 5.3 16.5 5.3 4.0
P1529__1.0__1500___3400 0.148528873920 470.5 559.1 429.7 573.3 405.3 492.8 446.2 478.6
P2714__1.0__2000___500 0.327328890562 245.8 49.8 245.8 105.8 213.4 105.8 213.4 49.8
P2714__1.0__2000___500 0.142373219132 459.5 27.4 459.5 55.6 440.6 55.6 440.6 27.4
P2714__1.0__2000___500 0.128740876913 379.8 571.3 379.8 608.3 327.4 608.3 327.4 571.3
P4265__1.0__424___0 0.195168524981 56.9 3.7 27.8 35.8 12.4 23.3 41.4 -8.8
P2724__1.0__3000___500 0.207691296935 560.6 424.3 556.0 439.9 500.1 428.5 504.7 413.0
P2724__1.0__3000___500 0.176629647613 42.4 499.4 42.4 537.3 18.9 537.3 18.9 499.4
P2714__1.0__2500___0 0.121683932841 80.4 81.0 80.4 115.3 62.2 115.3 62.2 81.0
P2714__1.0__2500___0 0.113118164241 368.7 92.9 368.7 143.0 338.9 143.0 338.9 92.9
P2714__1.0__2500___0 0.108006708324 361.3 73.9 361.3 89.9 330.1 89.9 330.1 73.9
P2714__1.0__2500___0 0.104867354035 121.5 60.6 121.5 78.6 89.3 78.6 89.3 60.6
P2724__1.0__500___0 0.116840220988 69.0 441.5 69.0 489.8 33.2 489.8 33.2 441.5
P1184__1.0__1994___3500 0.363592028618 218.7 305.6 116.7 447.1 2.7 313.0 104.7 171.5
P2754__1.0__2857___1500 0.123850174248 45.2 8.4 45.2 59.2 6.6 59.2 6.6 8.4
P1390__1.0__0___1000 0.116485431790 125.0 6.6 125.0 141.3 47.4 141.3 47.4 6.6
P1742__1.0__0___2000 0.609957814217 479.5 320.8 335.4 403.7 245.4 317.0 389.6 234.1
P1584__1.0__2000___3500 0.348374992609 643.2 603.6 552.0 625.5 505.6 440.9 596.8 419.0
P1518__1.0__1000___2500 0.137149840593 440.9 307.6 432.3 321.5 418.9 305.3 427.5 291.4
P1315__1.0__500___3400 0.115389525890 628.4 316.7 587.0 439.8 495.2 414.8 536.5 291.7
P1342__1.0__2500___1000 0.122645959258 246.3 559.7 246.3 619.7 61.3 619.7 61.3 559.7
P2197__1.0__1500___0 0.171300262213 224.6 305.2 138.7 380.6 75.7 258.8 161.5 183.4
P1763__1.0__3000___2500 0.143158137798 183.0 26.3 125.6 73.5 60.8 25.2 118.1 -22.0
P1268__1.0__3000___1500 0.165398433805 397.3 109.5 357.1 132.7 326.1 23.8 366.3 0.6
P2912__1.0__424___0 0.210744172335 94.8 265.2 94.8 306.8 77.0 306.8 77.0 265.2
P2912__1.0__0___0 0.286889851093 520.8 263.6 520.8 308.1 499.1 308.1 499.1 263.6
P2724__1.0__2000___1856 0.581095397472 510.1 190.0 510.1 270.2 462.8 270.2 462.8 190.0
P2724__1.0__2000___1856 0.179852783680 389.5 222.8 375.6 237.4 359.0 214.7 372.9 200.1
P2724__1.0__2000___1856 0.110896587372 457.1 222.1 457.1 261.6 443.6 261.6 443.6 222.1
P0770__1.0__0___500 0.124701708555 664.4 59.8 602.3 220.4 460.5 166.0 522.7 5.3
P2721__1.0__1000___1853 0.235842496157 357.0 418.5 344.5 426.5 327.0 402.3 339.5 394.3
P1579__1.0__3000___2000 0.101073108613 74.6 65.2 38.7 77.1 18.4 18.6 54.2 6.7
P1410__1.0__4500___1500 0.165816456079 505.9 466.5 505.9 593.8 434.2 593.8 434.2 466.5
P1410__1.0__4500___1500 0.153315037489 448.0 462.4 448.0 605.5 299.7 605.5 299.7 462.4
P5789__1.0__10500___2500 0.114621005952 380.2 589.5 354.7 613.3 328.5 589.4 354.0 565.6
P1577__1.0__1500___500 0.517601251602 219.1 610.2 149.7 638.3 105.1 482.2 174.6 454.1
P2374__1.0__1272___0 0.100381188095 163.6 561.0 163.6 587.2 136.2 587.2 136.2 561.0
P1342__1.0__1500___1000 0.385438710451 193.3 168.1 68.9 213.9 10.5 132.2 134.9 86.4
P1610__1.0__2000___3400 0.205165788531 318.1 525.9 283.4 545.4 262.0 493.5 296.7 473.9
P1410__1.0__4500___2500 0.143781989813 226.4 31.1 226.4 292.7 9.4 292.7 9.4 31.1
P1410__1.0__4500___2500 0.124993234873 551.2 2.3 551.2 337.4 269.1 337.4 269.1 2.3
P2714__1.0__3000___500 0.182413175702 22.9 89.8 22.9 113.3 -4.5 113.3 -4.5 89.8
P5316__1.0__0___424 0.160416156054 363.5 -5.5 363.5 24.7 344.8 24.7 344.8 -5.5
P5316__1.0__0___424 0.101787202060 557.5 29.2 557.5 62.3 535.4 62.3 535.4 29.2
P1373__1.0__1000___1000 0.166962772608 276.0 166.0 140.3 240.7 41.3 45.5 176.9 -29.2
P1373__1.0__1000___1000 0.126057386398 118.1 405.7 95.3 409.9 86.8 374.9 109.5 370.7
P2758__1.0__500___0 0.183560356498 80.3 419.2 35.8 434.6 -12.3 288.1 32.3 272.8
P7427__1.0__0___0 0.410904735327 499.0 230.8 471.5 236.7 466.4 198.7 493.9 192.7
P0146__1.0__2091___500 0.106133364141 306.6 218.3 132.9 375.0 -29.6 192.0 144.0 35.3
P2714__1.0__3937___1000 0.563102424145 299.7 513.8 274.6 537.0 230.6 491.1 255.7 468.0
P2714__1.0__3937___1000 0.479522973299 48.3 10.5 48.3 64.4 10.7 64.4 10.7 10.5
P2714__1.0__3937___1000 0.221839651465 431.8 43.2 421.7 71.2 396.1 66.0 406.2 38.0
P2714__1.0__3937___1000 0.133770883083 490.4 -11.5 490.4 23.4 441.3 23.4 441.3 -11.5
P2714__1.0__3937___1000 0.125620961189 515.5 579.0 505.3 585.9 495.6 577.1 505.8 570.1
P1373__1.0__1500___2500 0.187175750732 643.9 182.2 579.0 212.7 528.6 86.1 593.5 55.6
P1471__1.0__2500___0 0.131011411548 89.7 484.7 89.7 583.4 10.1 583.4 10.1 484.7
P1604__1.0__1000___3400 0.115736074746 345.8 578.0 311.2 613.5 273.7 545.5 308.3 510.0
P1577__1.0__0___2000 0.175119251013 256.8 596.8 232.6 601.6 228.5 567.2 252.6 562.4
P2721__1.0__1000___1500 0.369923859835 105.3 96.5 105.3 108.0 35.5 108.0 35.5 96.5
P2721__1.0__1000___1500 0.305198699236 181.5 286.0 181.5 317.7 158.0 317.7 158.0 286.0
P2721__1.0__1000___1500 0.117971777916 403.8 77.5 389.5 81.6 384.1 55.4 398.4 51.3
P2714__1.0__0___1500 0.141717404127 519.7 220.5 519.7 255.1 499.2 255.1 499.2 220.5
P2593__1.0__500___500 0.121532462537 549.8 -40.2 549.8 59.8 429.5 59.8 429.5 -40.2
P2593__1.0__500___500 0.108063094318 301.7 118.8 301.7 229.1 125.8 229.1 125.8 118.8
P2724__1.0__3000___1000 0.198279768229 45.8 2.4 45.8 40.7 20.9 40.7 20.9 2.4
P2724__1.0__3000___1000 0.127255454659 69.5 11.0 69.5 34.1 46.9 34.1 46.9 11.0
P6669__1.0__0___0 0.279938578606 384.0 217.9 384.0 242.7 356.9 242.7 356.9 217.9
P5750__1.0__0___0 0.436354547739 338.0 349.2 323.2 378.0 306.8 366.6 321.5 337.8
P2502__1.0__0___1824 0.204686820507 546.7 -12.9 546.7 32.5 408.8 32.5 408.8 -12.9
P2563__1.0__0___500 0.131961151958 321.5 253.5 225.0 275.4 178.1 78.0 274.6 56.1
P2714__1.0__3937___1500 0.403956055641 302.0 16.3 281.8 38.6 229.7 2.0 249.9 -20.4
P2714__1.0__3937___1500 0.174775227904 373.6 216.6 360.0 234.4 336.2 210.7 349.8 192.9
P2714__1.0__3937___1500 0.162663176656 517.2 70.1 517.2 87.1 493.8 87.1 493.8 70.1
P2502__1.0__500___0 0.495700061321 198.9 579.7 91.5 593.9 45.3 369.0 152.7 354.7
P2724__1.0__3000___1856 0.217954128981 70.6 39.9 38.7 43.7 31.3 11.8 63.2 8.0
P2724__1.0__3000___1856 0.206156209111 154.1 60.5 124.1 68.7 106.6 40.1 136.6 31.9
P5789__1.0__14500___10000 0.336453169584 367.5 531.7 367.5 640.4 172.0 640.4 172.0 531.7
P5789__1.0__13000___500 0.142115071416 603.9 82.1 524.5 116.5 479.7 10.3 559.1 -24.1
P2714__1.0__0___0 0.208945617080 458.5 94.3 458.5 141.5 425.5 141.5 425.5 94.3
P2718__1.0__3936___500 0.126066446304 309.4 16.3 284.2 29.1 272.1 2.8 297.2 -10.1
P2385__1.0__0___500 0.161930203438 327.2 243.7 292.1 276.2 275.5 257.3 310.5 224.9
P1770__1.0__500___3500 0.120094768703 609.5 592.6 573.6 606.3 554.9 555.4 590.8 541.8
P5789__1.0__9500___5000 0.358910590410 272.8 134.5 168.4 164.5 123.4 -18.6 227.8 -48.6
P2385__1.0__500___500 0.104521833360 234.9 110.4 222.2 119.5 207.3 101.4 219.9 92.3
P1786__1.0__1000___500 0.144534319639 239.2 431.6 84.3 592.7 -49.4 450.5 105.5 289.4
P1529__1.0__1000___500 0.163307100534 652.4 230.8 511.6 336.2 391.6 172.0 532.4 66.6
P1529__1.0__1000___500 0.137062713504 258.9 600.2 188.2 629.6 136.8 459.8 207.5 430.4
P5789__1.0__12000___7500 0.189096853137 631.3 426.4 631.3 577.7 492.3 577.7 492.3 426.4
P2722__1.0__2000___500 0.336107790470 174.4 514.7 149.1 539.4 134.1 524.1 159.4 499.4
P2724__1.0__3500___0 0.219044119120 430.7 235.9 393.0 241.2 389.8 223.0 427.5 217.7
P2724__1.0__2500___1500 0.167413622141 578.5 365.5 578.5 398.9 522.2 398.9 522.2 365.5
P2724__1.0__2500___1500 0.160036355257 20.8 543.4 20.8 604.8 -1.8 604.8 -1.8 543.4
P1240__1.0__1500___2500 0.357427388430 333.0 372.0 273.9 422.4 191.1 384.4 250.2 334.0
P2194__1.0__500___500 0.124380648136 582.2 -4.9 582.2 17.6 541.5 17.6 541.5 -4.9
P1604__1.0__2500___1000 0.246839627624 598.7 437.5 539.1 464.5 509.5 422.9 569.0 395.9
P1342__1.0__0___1000 0.118579477072 73.3 508.9 47.2 520.7 20.1 471.9 46.1 460.1
P1584__1.0__0___2500 0.190302789211 425.7 598.8 354.9 626.0 313.7 580.2 384.6 553.0
P2502__1.0__500___1824 0.204497963190 62.4 -15.6 62.4 27.7 5.3 27.7 5.3 -15.6
P2502__1.0__500___1824 0.203042849898 216.1 -5.4 216.1 73.3 91.7 73.3 91.7 -5.4
P2331__1.0__500___1359 0.157916948199 369.1 368.2 369.1 428.0 347.5 428.0 347.5 368.2
P2394__1.0__1000___0 0.310713827610 41.1 45.0 41.1 80.2 20.4 80.2 20.4 45.0
P2394__1.0__1000___0 0.177390038967 168.8 26.9 128.0 58.6 91.0 25.4 131.9 -6.3
P2724__1.0__1000___1000 0.340172737837 620.8 492.9 568.1 547.2 526.5 519.3 579.1 465.0
P2724__1.0__1000___1000 0.136617034674 401.0 4.8 385.4 14.1 378.8 7.2 394.3 -2.1
P2724__1.0__1000___1000 0.105076007545 125.0 -5.3 125.0 25.6 101.5 25.6 101.5 -5.3
P1456__1.0__2500___1000 0.105255752802 146.2 60.0 146.2 375.8 -86.3 375.8 -86.3 60.0
P1456__1.0__2500___1000 0.100692227483 84.4 342.6 84.4 573.3 -40.8 573.3 -40.8 342.6
P5789__1.0__23500___27000 0.266862124205 626.4 286.3 499.1 366.6 418.5 285.6 545.8 205.2
P2330__1.0__500___0 0.600139975548 148.0 228.0 69.2 258.9 23.8 128.4 102.7 97.4
P2330__1.0__500___0 0.136076971889 536.5 28.2 536.5 55.7 515.5 55.7 515.5 28.2
P2570__1.0__1000___500 0.129355907440 313.6 378.0 313.6 586.1 178.7 586.1 178.7 378.0
P2570__1.0__1000___500 0.124777235091 652.3 36.1 652.3 343.7 376.2 343.7 376.2 36.1
P1315__1.0__2500___3400 0.112562052906 16.5 -1.3 16.5 28.5 -4.9 28.5 -4.9 -1.3
P6135__1.0__0___424 0.319126516581 335.3 225.2 335.3 250.7 316.6 250.7 316.6 225.2
P2718__1.0__3000___1500 0.176685690880 44.4 45.8 33.6 61.2 24.5 54.5 35.3 39.0
P2718__1.0__3000___1500 0.149475052953 396.2 73.9 396.2 99.5 377.2 99.5 377.2 73.9
P2718__1.0__3000___1500 0.104330271482 17.4 117.5 5.4 129.6 -2.9 118.8 9.0 106.7
P1619__1.0__500___1000 0.227073565125 381.8 447.8 357.0 499.5 318.1 476.0 342.9 424.3
P1666__1.0__1500___0 0.114406906068 331.3 238.6 298.9 244.1 280.4 141.6 312.8 136.0
