P9997__1.0__0___3000 0.106158494949 85.4 309.4 67.1 325.5 54.1 302.2 72.4 286.1
P2733__1.0__2227___2000 0.102689534426 254.5 101.3 179.1 189.7 157.4 166.0 232.8 77.6
P2645__1.0__500___500 0.112810820341 256.6 434.9 229.2 487.3 203.5 473.5 231.0 421.0
P1242__1.0__2500___1500 0.141610115767 600.3 338.2 551.8 404.6 516.6 377.7 565.1 311.3
P1242__1.0__3000___1500 0.169663310051 230.6 396.4 175.5 465.0 142.6 440.0 197.7 371.4
P1242__1.0__3000___1500 0.142333477736 182.8 375.7 136.1 440.4 85.7 403.2 132.5 338.5
P1242__1.0__3000___1500 0.139280632138 103.2 346.3 59.0 399.9 21.2 369.6 65.4 316.0
P2286__1.0__0___500 0.111471965909 343.8 52.6 297.3 95.7 269.3 63.9 315.8 20.7
P2645__1.0__2500___500 0.112345419824 620.6 345.9 573.9 384.7 543.3 296.9 589.9 258.1
P2286__1.0__0___0 0.128122255206 492.8 429.7 434.4 480.6 406.9 446.0 465.3 395.1
P2286__1.0__1000___0 0.173757866025 319.3 27.3 282.2 69.1 244.2 32.2 281.3 -9.6
P2286__1.0__1000___0 0.168347686529 367.4 81.5 322.6 123.8 292.7 90.4 337.6 48.1
P2286__1.0__1000___0 0.157123491168 429.5 168.1 391.6 206.4 367.0 179.3 404.9 141.0
P2286__1.0__1000___0 0.144403487444 256.9 432.5 194.9 500.7 164.3 475.8 226.3 407.7
P2286__1.0__1000___0 0.143097817898 402.8 129.9 355.3 177.1 329.6 145.9 377.1 98.8
P2286__1.0__1000___0 0.109426841140 297.6 396.0 249.6 449.5 210.1 415.3 258.2 361.8
P2733__1.0__2000___2000 0.156149521470 255.2 460.3 227.3 491.7 196.1 463.2 224.0 431.8
P2733__1.0__2000___2000 0.102803304791 490.8 96.7 457.1 140.8 409.9 98.8 443.6 54.7
P2286__1.0__1000___500 0.145562902093 178.4 62.0 121.5 118.5 89.8 93.8 146.7 37.3
P8601__1.0__424___424 0.132966592908 321.8 386.2 318.6 399.1 297.8 392.7 301.0 379.9
P5789__1.0__23500___0 0.146635577083 77.0 383.4 21.9 433.2 -17.5 396.5 37.7 346.7
P2733__1.0__2000___2012 0.149443536997 256.8 448.1 227.2 480.8 194.6 451.0 224.2 418.4
P2733__1.0__2000___2012 0.106952436268 215.2 522.7 150.6 604.4 109.6 568.7 174.2 487.0
P2645__1.0__1500___2000 0.100030213594 463.0 165.0 428.6 213.1 411.7 198.9 446.1 150.8
