P2758__1.0__2500___0 0.103782355785 278.6 413.0 272.8 423.7 255.9 413.4 261.7 402.7
P0704__1.0__1500___500 0.227433577180 597.3 339.4 597.3 359.9 575.0 359.9 575.0 339.4
P1240__1.0__1500___3000 0.129393845797 260.9 469.9 250.7 486.4 237.9 477.4 248.1 460.9
P0704__1.0__1500___836 0.175509631634 596.6 2.4 596.6 25.5 574.8 25.5 574.8 2.4
P0795__1.0__1000___0 0.131935760379 443.3 101.5 443.3 126.6 416.4 126.6 416.4 101.5
P9997__1.0__0___3000 0.180998668075 125.6 374.3 125.6 404.1 94.0 404.1 94.0 374.3
P5789__1.0__24000___15500 0.115252904594 172.6 116.8 161.6 122.8 153.1 110.5 164.1 104.6
P1370__1.0__2500___1500 0.165802761912 93.5 330.8 93.5 354.3 70.2 354.3 70.2 330.8
P1373__1.0__2500___3000 0.105730086565 513.1 125.2 500.6 133.7 492.5 119.3 505.0 110.8
P1370__1.0__0___2000 0.161672279239 112.8 469.4 112.8 495.2 84.9 495.2 84.9 469.4
P5789__1.0__17500___8000 0.117149710655 372.7 94.2 372.7 116.0 351.7 116.0 351.7 94.2
P1242__1.0__3400___3400 0.101713068783 230.5 344.5 221.2 350.5 213.8 338.4 223.2 332.4
P0704__1.0__1536___836 0.170648932457 561.0 16.4 548.6 26.2 539.2 11.8 551.7 2.0
P1370__1.0__3000___1000 0.116737224162 226.9 61.8 226.9 85.8 202.4 85.8 202.4 61.8
P2645__1.0__3500___2842 0.120196171105 421.8 434.2 421.8 464.3 382.2 464.3 382.2 434.2
P1601__1.0__1000___1000 0.104227080941 528.9 352.8 518.8 366.8 506.4 356.9 516.5 342.9
P1370__1.0__2000___1500 0.134693488479 593.2 330.2 593.2 354.6 570.8 354.6 570.8 330.2
P5789__1.0__24500___10500 0.127546772361 600.7 445.0 600.7 469.9 580.7 469.9 580.7 445.0
P5789__1.0__25000___10500 0.142447233200 105.1 444.8 105.1 470.1 81.6 470.1 81.6 444.8
P2331__1.0__2000___0 0.148866146803 298.9 363.9 298.9 385.0 274.1 385.0 274.1 363.9
P1315__1.0__2000___500 0.122894823551 373.0 343.7 358.8 364.2 348.7 357.1 363.0 336.6
P1315__1.0__2000___500 0.103692688048 306.5 307.3 293.9 328.5 282.4 321.2 295.0 300.0
P5789__1.0__25000___5000 0.168718904257 506.4 402.5 506.4 425.7 481.8 425.7 481.8 402.5
P0795__1.0__1176___0 0.135965690017 267.2 101.8 267.2 126.4 240.8 126.4 240.8 101.8
P1371__1.0__2500___0 0.161817625165 392.4 473.5 374.3 488.6 362.9 474.0 381.0 458.8
P5789__1.0__11500___1500 0.145108819008 265.7 171.8 265.7 192.8 244.3 192.8 244.3 171.8
P0704__1.0__1536___500 0.204062819481 559.9 338.8 559.9 360.3 540.6 360.3 540.6 338.8
P1240__1.0__1500___3400 0.155139967799 260.7 69.8 250.8 86.2 238.2 77.7 248.1 61.3
