P5789__1.0__25000___7000 0.377637356520 242.7 377.1 204.4 412.2 170.0 372.0 208.2 336.9
P5789__1.0__25000___7000 0.360762357712 299.6 529.0 272.4 559.1 241.4 531.5 268.6 501.5
P5789__1.0__25000___7000 0.308996766806 593.5 278.2 561.0 308.9 530.9 278.5 563.4 247.8
P5789__1.0__25000___7000 0.262705862522 387.2 417.1 353.3 448.1 321.7 411.4 355.6 380.5
P5789__1.0__25000___7000 0.113705851138 264.4 440.9 196.3 477.7 155.6 411.0 223.7 374.1
P5789__1.0__9000___2000 0.331955730915 484.9 247.2 454.1 284.7 415.2 253.1 446.0 215.6
P5789__1.0__8500___3500 0.101731650531 51.1 -11.4 51.1 31.3 0.5 31.3 0.5 -11.4
P1506__1.0__1000___1000 0.126166477799 216.5 321.4 216.5 546.4 -4.6 546.4 -4.6 321.4
P1693__1.0__2000___3000 0.109161280096 613.1 26.7 588.9 71.9 550.3 49.7 574.6 4.6
P1752__1.0__500___500 0.114299066365 308.2 25.0 272.6 53.2 239.1 11.1 274.7 -17.1
P5789__1.0__23000___24500 0.378400295973 384.0 512.1 338.9 542.7 308.2 492.7 353.2 462.1
P1240__1.0__3000___1500 0.196665838361 492.4 4.3 467.1 31.9 439.0 8.8 464.4 -18.8
P5789__1.0__24500___20500 0.105172820389 575.3 518.7 575.3 557.3 533.2 557.3 533.2 518.7
P1410__1.0__2500___2000 0.127028077841 603.8 141.6 603.8 414.0 343.4 414.0 343.4 141.6
P1732__1.0__0___3000 0.151139289141 516.3 563.3 498.0 597.9 462.6 576.8 480.8 542.3
P1314__1.0__2500___0 0.114602692425 597.7 357.8 559.5 386.1 541.6 358.7 579.8 330.5
P1474__1.0__1000___1500 0.151849508286 593.7 12.0 593.7 79.6 529.6 79.6 529.6 12.0
P5789__1.0__27000___10000 0.296122968197 469.7 315.5 437.6 355.0 399.9 321.4 432.0 281.9
P1384__1.0__1000___0 0.368897587061 400.5 288.4 366.2 342.0 315.4 307.5 349.7 253.9
P5789__1.0__24500___21500 0.383818149567 168.0 108.9 120.7 143.4 84.7 96.0 132.0 61.5
P5789__1.0__24500___21500 0.299524515867 137.4 34.8 100.7 61.8 74.8 25.9 111.5 -1.1
P5789__1.0__24500___21500 0.296815276146 68.3 58.2 25.1 82.3 -0.1 34.6 43.1 10.5
P1584__1.0__1500___3000 0.419553577900 498.4 561.0 461.8 597.1 417.9 555.7 454.5 519.5
P1474__1.0__0___5800 0.102204188704 212.6 240.2 173.7 309.1 78.9 266.3 117.8 197.5
P1770__1.0__2500___500 0.138884544373 50.3 428.5 32.5 439.5 17.2 414.6 35.0 403.7
P5789__1.0__13000___3500 0.200529307127 580.1 486.9 550.3 517.4 520.1 485.1 549.9 454.7
P1573__1.0__0___0 0.262634247541 602.3 263.4 577.2 296.7 546.0 269.2 571.1 235.9
P1541__1.0__3000___3400 0.185783669353 608.5 332.6 578.6 359.4 556.0 327.4 585.9 300.6
P1573__1.0__2000___1500 0.262687146664 525.1 455.8 485.0 484.5 455.8 445.4 495.9 416.7
P1573__1.0__2000___1500 0.217281237245 499.7 588.7 476.1 612.1 448.9 591.2 472.4 567.8
P0491__1.0__1500___500 0.236830115318 252.4 56.8 148.7 165.0 47.9 57.8 151.6 -50.5
P5789__1.0__19000___2500 0.105818673968 298.3 506.5 298.3 554.0 250.1 554.0 250.1 506.5
P5789__1.0__19500___19500 0.353756248951 93.2 395.7 58.0 428.4 23.3 393.7 58.5 360.9
P5789__1.0__19500___19500 0.171699568629 65.4 285.7 65.4 350.9 -5.4 350.9 -5.4 285.7
P1386__1.0__0___2500 0.124798655510 300.2 198.1 215.2 248.1 159.0 109.2 244.0 59.2
P0491__1.0__1000___1166 0.129333764315 72.7 244.7 22.6 334.9 -53.4 270.1 -3.3 179.8
P5789__1.0__12500___500 0.248778358102 606.7 268.6 571.3 302.1 533.6 263.0 569.0 229.5
P5789__1.0__16000___1500 0.263201564550 76.1 154.0 41.4 180.3 16.7 146.6 51.4 120.3
P1647__1.0__2000___1500 0.365403652191 282.4 125.5 253.1 146.8 226.2 110.5 255.6 89.2
P1749__1.0__0___0 0.113229006529 525.0 251.6 493.0 284.8 462.2 256.5 494.2 223.3
P1518__1.0__3400___1500 0.232200980186 560.3 429.8 536.1 447.8 516.8 422.7 540.9 404.7
P1547__1.0__3000___3000 0.108278147876 426.2 120.1 388.1 145.4 362.9 100.3 401.0 75.0
P1566__1.0__500___2500 0.120426587760 200.9 195.2 167.2 210.8 148.9 177.1 182.5 161.5
P5789__1.0__19000___22000 0.189713358879 402.5 527.2 364.6 549.6 345.7 509.3 383.6 486.9
P0199__1.0__572___500 0.118396393955 661.3 210.4 661.3 425.7 478.4 425.7 478.4 210.4
P0199__1.0__572___500 0.115090504289 628.4 456.8 589.6 507.2 503.3 434.6 542.0 384.2
P1573__1.0__500___1000 0.374061048031 508.0 390.6 478.1 421.0 448.9 389.8 478.8 359.4
P1742__1.0__1000___3400 0.390758424997 149.8 524.1 121.3 554.6 87.3 520.5 115.8 490.0
P1573__1.0__500___2000 0.346410840750 558.4 373.1 521.7 399.8 494.0 360.2 530.7 333.5
P1560__1.0__500___3400 0.383420467377 593.7 446.0 548.8 478.6 514.8 430.5 559.7 397.9
P1604__1.0__500___1000 0.421687453985 477.0 207.7 449.3 234.0 424.2 205.6 451.9 179.3
P1604__1.0__500___1000 0.370462119579 453.1 78.1 430.7 107.8 399.9 85.5 422.4 55.8
P1604__1.0__500___1000 0.317187428474 614.8 171.5 587.1 201.8 557.7 168.5 585.4 138.2
P1604__1.0__500___1000 0.235961288214 493.9 80.8 472.8 110.4 446.2 91.5 467.4 61.9
P1604__1.0__500___1000 0.231061622500 530.5 180.6 456.8 224.4 400.0 94.1 473.7 50.4
P2241__1.0__136___0 0.334454149008 86.0 259.2 27.2 291.2 -11.0 216.9 47.8 184.9
P2241__1.0__136___0 0.320774316788 359.3 358.4 314.5 400.9 267.5 349.1 312.4 306.6
P2241__1.0__136___0 0.287892639637 164.5 526.5 86.8 621.7 -1.1 548.1 76.6 452.9
P1596__1.0__1500___2500 0.103089876473 545.5 10.6 517.1 34.3 492.4 8.7 520.8 -15.0
P1604__1.0__1000___1000 0.408284008503 119.6 165.5 93.6 194.5 61.5 166.9 87.5 137.9
P1604__1.0__1000___1000 0.392581373453 203.3 154.5 174.9 175.6 153.8 146.5 182.1 125.4
P1604__1.0__1000___1000 0.166838154197 79.8 174.1 48.1 200.5 21.5 166.6 53.1 140.1
P1604__1.0__1000___1000 0.147899985313 179.0 128.8 150.2 163.1 120.9 139.7 149.7 105.4
P1604__1.0__1000___1000 0.129485532641 27.8 176.9 10.7 208.7 -15.8 180.6 1.3 148.7
P5789__1.0__28000___3000 0.127341270447 37.4 8.4 37.4 59.7 -17.8 59.7 -17.8 8.4
P1384__1.0__3500___500 0.173141926527 255.3 28.3 201.0 82.0 132.9 31.0 187.2 -22.7
P1283__1.0__1000___1000 0.135088369250 46.5 84.1 46.5 143.7 -10.8 143.7 -10.8 84.1
P1650__1.0__1500___1000 0.407022237778 149.3 492.5 133.5 524.4 101.7 511.5 117.6 479.6
P1650__1.0__1500___1000 0.101329684258 214.4 538.5 143.2 615.4 62.0 552.8 133.2 475.9
P1386__1.0__3000___2000 0.235249400139 202.5 468.1 133.7 527.5 72.7 462.8 141.5 403.4
P1732__1.0__2500___1000 0.225483387709 420.2 455.3 392.7 484.0 367.5 453.2 394.9 424.5
P1584__1.0__0___2000 0.261447966099 56.6 21.3 29.9 40.5 11.6 14.4 38.3 -4.7
P1598__1.0__1000___1500 0.122439555824 612.9 493.7 612.9 558.8 550.9 558.8 550.9 493.7
P1598__1.0__1000___1500 0.111856684089 610.1 450.7 570.9 521.6 529.5 504.5 568.7 433.6
P5789__1.0__17000___6500 0.194294869900 45.0 22.1 28.5 56.7 -8.7 45.3 7.7 10.8
P5789__1.0__25000___20500 0.113718293607 78.4 517.6 78.4 558.2 37.2 558.2 37.2 517.6
P1570__1.0__2500___2000 0.298037588596 62.9 214.4 24.0 246.3 -10.7 206.4 28.2 174.5
P5789__1.0__24000___27020 0.352504640818 338.9 136.1 308.2 167.5 273.7 131.5 304.4 100.1
P1384__1.0__5264___500 0.116425625980 158.3 458.1 158.3 601.9 5.2 601.9 5.2 458.1
P1598__1.0__0___0 0.146676927805 130.8 5.1 91.0 43.1 48.9 15.5 88.7 -22.5
P1732__1.0__3000___3400 0.263108462095 199.2 499.4 172.7 527.5 148.6 504.1 175.2 476.0
P1732__1.0__3000___3400 0.140961512923 249.7 575.3 200.2 617.3 162.2 572.7 211.6 530.6
P5789__1.0__13500___9500 0.136304184794 146.9 372.5 118.4 400.5 90.2 368.6 118.6 340.6
P1647__1.0__0___2000 0.154305636883 400.1 201.8 374.3 225.1 349.1 194.1 374.9 170.9
P1647__1.0__0___2000 0.109159477055 467.2 173.5 449.2 201.3 425.5 182.9 443.5 155.1
P1583__1.0__2500___1500 0.419773191214 349.2 565.7 311.6 595.0 279.2 551.3 316.8 522.0
P1583__1.0__2500___1500 0.414354324341 238.2 414.8 210.4 447.1 174.3 414.1 202.1 381.7
P1583__1.0__2500___1500 0.381716907024 275.5 581.5 243.5 610.9 209.1 575.3 241.1 546.0
P1583__1.0__2500___1500 0.375582754612 308.3 401.7 278.8 429.6 247.7 394.4 277.2 366.5
P1583__1.0__2500___1500 0.102292120457 340.7 423.8 340.7 459.9 302.9 459.9 302.9 423.8
P1583__1.0__2500___1500 0.102129854262 230.0 587.6 189.4 613.1 158.0 575.5 198.7 549.9
P5789__1.0__28500___25500 0.295033991337 48.1 44.1 21.3 76.7 -11.8 48.3 15.1 15.7
P1583__1.0__2500___2000 0.456179201603 347.2 65.1 314.5 96.6 281.7 59.7 314.3 28.2
P1583__1.0__2500___2000 0.438097000122 274.4 86.5 243.6 114.6 210.4 78.0 241.2 49.8
P1410__1.0__1500___4500 0.239320486784 252.9 10.3 215.6 124.3 110.5 104.7 147.8 -9.4
P1410__1.0__1500___4500 0.119090184569 563.2 188.7 491.1 305.8 392.3 254.5 464.5 137.4
P1619__1.0__2000___2000 0.269760191441 60.7 414.7 34.8 441.1 7.2 421.3 33.1 394.9
P5789__1.0__16500___11000 0.118787877262 60.1 232.1 35.9 252.0 15.7 227.5 39.9 207.6
P1410__1.0__2000___4500 0.228087261319 292.7 358.2 179.9 480.4 71.5 373.7 184.3 251.6
P1410__1.0__2000___4500 0.137932643294 28.4 71.9 28.4 139.6 -16.2 139.6 -16.2 71.9
P2255__1.0__138___231 0.359623879194 492.0 416.4 445.2 457.3 400.0 404.3 446.8 363.4
P2255__1.0__138___231 0.309393912554 169.2 96.3 128.9 130.7 90.4 84.7 130.8 50.3
P2255__1.0__138___231 0.292326092720 470.0 245.7 440.5 287.1 398.3 254.6 427.8 213.2
P2255__1.0__138___231 0.290872484446 93.1 179.3 47.2 218.6 6.1 169.7 52.1 130.3
P2255__1.0__138___231 0.285395622253 401.2 331.5 367.7 372.9 323.2 337.4 356.7 296.1
P2255__1.0__138___231 0.276617646217 561.6 330.2 520.1 365.1 481.2 322.0 522.7 287.1
P2255__1.0__138___231 0.167161881924 400.7 363.6 293.4 454.2 194.9 311.6 302.3 221.0
P2255__1.0__138___231 0.153749600053 517.4 431.6 517.4 532.5 382.0 532.5 382.0 431.6
P2255__1.0__138___231 0.136723667383 85.3 6.6 54.2 50.2 6.0 21.4 37.0 -22.2
P1529__1.0__0___1500 0.235247373581 27.0 476.9 6.6 494.2 -7.5 470.5 12.9 453.2
P1230__1.0__2500___2000 0.109863556921 42.9 226.2 7.2 260.3 -23.2 217.3 12.5 183.2
P1573__1.0__500___0 0.344339132309 110.2 254.3 85.0 295.0 46.4 270.5 71.6 229.8
P1577__1.0__1000___500 0.415894180536 307.5 162.0 278.7 200.5 241.1 170.1 269.9 131.7
P1577__1.0__1000___500 0.409256368876 335.9 250.7 310.6 280.8 277.4 250.0 302.7 220.0
P1577__1.0__1000___500 0.403611421585 419.1 587.1 387.0 616.5 353.1 577.4 385.2 548.0
P1573__1.0__3000___3000 0.397869259119 436.0 487.2 409.6 520.9 377.1 493.7 403.4 460.0
P1573__1.0__3000___3000 0.216426104307 368.2 565.2 368.2 615.1 307.0 615.1 307.0 565.2
P5789__1.0__27000___20500 0.201619997621 193.5 212.3 155.2 229.7 139.7 191.5 178.0 174.1
P1570__1.0__3400___4364 0.271582305431 327.6 226.0 306.4 262.1 268.2 243.1 289.4 207.0
P5789__1.0__27000___3500 0.375396072865 303.5 374.7 265.3 409.3 229.2 366.5 267.5 332.0
P5789__1.0__27000___3500 0.280265837908 357.2 247.2 324.0 276.9 295.2 245.4 328.4 215.7
P5789__1.0__27000___3500 0.261147826910 319.2 288.3 288.3 309.0 270.4 275.1 301.3 254.4
P5789__1.0__11000___4500 0.324751615524 377.4 12.3 345.9 37.3 315.3 8.3 346.8 -16.7
P0131__1.0__500___680 0.453168809414 330.4 275.8 237.5 340.5 168.9 248.0 261.8 183.4
P0665__1.0__0___500 0.107381090522 368.1 212.0 368.1 479.9 115.4 479.9 115.4 212.0
P1583__1.0__2000___4371 0.174509614706 65.4 11.3 44.3 27.7 27.1 8.7 48.2 -7.7
P1672__1.0__3400___0 0.102586530149 421.4 464.7 386.4 486.8 365.9 435.5 400.9 413.5
P2150__1.0__26___0 0.461949229240 191.7 249.2 126.2 339.4 36.4 265.9 101.9 175.7
P2150__1.0__26___0 0.348091125488 178.2 474.3 94.7 559.1 9.8 489.5 93.3 404.7
P1752__1.0__2000___3400 0.250303477049 384.8 311.5 345.0 349.1 307.2 309.0 347.0 271.4
P0130__1.0__128___0 0.279213696718 230.0 241.6 211.6 265.3 189.3 251.5 207.7 227.7
P0130__1.0__128___0 0.274019747972 173.3 245.7 155.2 263.0 136.3 245.9 154.4 228.6
P0130__1.0__128___0 0.258492052555 342.5 271.3 320.3 296.2 293.3 277.7 315.6 252.8
P0130__1.0__128___0 0.214519143105 172.4 163.1 155.7 184.3 136.7 169.2 153.4 147.9
P0130__1.0__128___0 0.148549526930 428.4 511.6 428.4 548.4 391.9 548.4 391.9 511.6
P0130__1.0__128___0 0.107486307621 428.5 333.5 428.5 366.6 392.7 366.6 392.7 333.5
P0130__1.0__128___0 0.107022419572 230.8 312.6 204.6 331.8 190.4 307.1 216.6 287.9
P0374__1.0__0___602 0.216500684619 498.9 231.1 384.0 347.8 257.6 228.2 372.5 111.6
P2758__1.0__6697___3000 0.186941549182 443.7 444.4 369.5 521.3 296.0 455.1 370.3 378.2
P2758__1.0__6697___3000 0.141798913479 592.3 464.7 592.3 579.5 467.7 579.5 467.7 464.7
P1474__1.0__1000___1000 0.191752657294 619.8 395.6 619.8 544.2 495.7 544.2 495.7 395.6
P2011__1.0__260___500 0.266782104969 56.6 474.6 56.6 561.0 -21.1 561.0 -21.1 474.6
P1596__1.0__0___2000 0.209899559617 228.1 12.4 193.8 42.0 160.3 7.7 194.5 -21.9
P5789__1.0__20000___21500 0.290593236685 426.2 521.6 385.2 550.6 354.2 507.5 395.2 478.5
P2331__1.0__2000___500 0.109942287207 609.8 330.9 588.1 357.9 553.9 327.6 575.7 300.6
P1751__1.0__2500___3400 0.269365549088 423.7 492.5 406.4 514.3 389.5 495.3 406.8 473.6
P5789__1.0__16000___9000 0.358749121428 488.9 232.2 451.4 272.1 411.8 236.3 449.3 196.3
P5789__1.0__16000___9000 0.348652809858 371.2 265.4 336.2 304.2 298.2 267.7 333.2 228.9
P5789__1.0__16000___9000 0.315938442945 415.1 191.7 382.4 230.1 341.5 197.1 374.2 158.7
P2194__1.0__500___1500 0.171799317002 607.9 104.6 607.9 202.8 539.6 202.8 539.6 104.6
P3575__1.0__424___0 0.347605437040 537.4 486.4 494.6 544.1 434.8 500.7 477.6 443.0
P1770__1.0__3000___3000 0.298954427242 587.2 72.8 564.4 101.4 536.4 75.1 559.2 46.5
P1619__1.0__0___500 0.165980324149 484.0 290.5 467.4 327.8 440.6 313.4 457.2 276.2
P1584__1.0__0___500 0.362113028765 147.0 147.3 111.9 172.5 82.2 129.6 117.3 104.3
P1584__1.0__0___500 0.340875446796 517.7 459.3 485.3 491.9 454.8 457.7 487.1 425.0
P1584__1.0__0___500 0.186857163906 576.5 424.6 548.3 457.0 516.6 427.7 544.7 395.4
P1371__1.0__1000___3000 0.139678582549 600.5 153.1 600.5 226.7 523.5 226.7 523.5 153.1
P2733__1.0__2227___1000 0.144791945815 88.8 587.7 49.9 629.2 1.7 583.4 40.6 541.9
P2802__1.0__0___3000 0.113651327789 639.7 359.1 639.7 549.3 404.4 549.3 404.4 359.1
P0491__1.0__2000___1000 0.148858472705 570.9 -81.4 570.9 116.8 344.3 116.8 344.3 -81.4
P1560__1.0__2500___3000 0.357336699963 66.2 429.5 24.5 458.4 -5.8 415.4 36.0 386.5
P5789__1.0__4500___20500 0.353272259235 395.6 378.4 348.9 410.9 312.3 363.2 358.9 330.7
P5789__1.0__4500___20500 0.231749579310 343.7 311.2 315.8 345.2 285.9 317.9 313.7 283.9
P5789__1.0__28500___25000 0.187501385808 43.0 539.5 16.8 573.5 -14.7 544.5 11.5 510.5
P0491__1.0__2000___500 0.215685054660 583.3 431.1 457.6 558.3 332.6 427.7 458.3 300.5
P1386__1.0__1500___2956 0.315916299820 482.9 205.0 419.5 255.9 368.1 190.5 431.5 139.6
P1386__1.0__1500___2956 0.102677226067 626.4 253.7 554.5 296.3 520.8 220.9 592.7 178.4
P5789__1.0__28500___10000 0.102570615709 509.1 17.2 480.7 44.5 446.8 11.5 475.2 -15.7
P0491__1.0__1500___0 0.230598673224 277.1 490.2 156.6 628.9 31.3 512.5 151.8 373.8
P5789__1.0__28500___10500 0.286928564310 541.4 399.1 514.2 430.2 487.1 404.8 514.3 373.7
P5789__1.0__28500___10500 0.149858102202 483.9 344.3 457.4 368.8 433.9 340.0 460.5 315.5
P5789__1.0__21000___14000 0.170084714890 52.6 18.4 24.2 43.8 -0.2 18.1 28.2 -7.3
P1541__1.0__0___1000 0.130496174097 228.5 22.9 228.5 109.0 143.3 109.0 143.3 22.9
P1541__1.0__1500___3400 0.142676249146 504.1 185.6 445.4 229.8 395.3 137.9 453.9 93.8
P1541__1.0__1500___3400 0.105963200331 608.0 30.5 573.5 64.4 547.9 37.3 582.5 3.4
P1386__1.0__4026___2956 0.111647367477 268.5 220.7 173.8 307.2 110.4 230.8 205.2 144.3
P5789__1.0__24000___21500 0.384744137526 567.2 57.5 525.9 88.9 493.6 43.2 534.8 11.8
P5789__1.0__24000___21500 0.369091868401 488.2 252.9 449.3 290.6 412.0 248.3 450.9 210.6
P5789__1.0__24000___21500 0.109552577138 370.4 101.3 370.4 183.0 289.4 183.0 289.4 101.3
P5789__1.0__24000___21500 0.108933433890 612.6 4.9 612.6 63.4 567.8 63.4 567.8 4.9
P1384__1.0__2500___1000 0.140813037753 295.5 120.9 208.3 178.6 149.4 123.7 236.6 66.0
P1570__1.0__1500___2000 0.405670374632 467.6 145.0 439.7 175.6 409.2 148.1 437.1 117.5
P1570__1.0__1500___2000 0.106135696173 117.4 366.5 117.4 421.4 70.3 421.4 70.3 366.5
P2547__1.0__2500___500 0.169994875789 104.1 248.5 56.5 336.1 -20.9 298.7 26.7 211.0
P2011__1.0__260___527 0.282098948956 57.0 446.5 57.0 533.1 -21.6 533.1 -21.6 446.5
P1903__1.0__0___500 0.443442910910 342.8 404.2 254.6 470.4 181.1 375.1 269.3 308.9
P1903__1.0__0___500 0.170337364078 293.4 532.3 293.4 623.7 174.1 623.7 174.1 532.3
P1584__1.0__2500___3500 0.340289831161 260.4 519.3 228.1 561.6 183.6 525.2 215.9 482.9
P1518__1.0__3000___500 0.195054620504 391.2 160.0 363.8 180.1 348.3 154.6 375.7 134.5
P5789__1.0__27000___4500 0.206403046846 613.9 448.0 573.6 476.3 542.2 428.3 582.5 400.0
P5789__1.0__21000___14500 0.363281637430 241.4 233.3 209.8 263.0 178.9 227.4 210.5 197.8
P5789__1.0__21000___14500 0.298938155174 201.0 488.1 153.5 522.8 114.7 468.8 162.2 434.0
P5789__1.0__21000___14500 0.243211612105 214.7 175.6 177.6 195.6 157.8 157.2 194.9 137.1
P1257__1.0__2500___0 0.117043465376 32.1 25.4 12.3 51.5 -12.1 26.9 7.7 0.8
P2912__1.0__0___424 0.181825950742 178.5 512.6 94.0 606.5 1.5 522.4 86.0 428.6
P2194__1.0__1116___1500 0.296330362558 69.8 135.1 29.3 197.7 -26.6 156.2 14.0 93.6
P3575__1.0__424___424 0.396851718426 297.1 503.5 229.3 581.0 146.7 515.5 214.5 438.1
P3575__1.0__424___424 0.390516132116 488.3 382.9 413.3 461.3 331.1 388.3 406.1 309.9
P3575__1.0__424___424 0.380552262068 451.6 237.1 354.8 322.4 263.6 230.4 360.4 145.1
P3575__1.0__424___424 0.340134352446 535.2 61.1 499.4 121.5 437.2 85.6 473.0 25.2
P3575__1.0__424___424 0.249484553933 611.5 524.2 537.7 593.5 464.5 526.6 538.3 457.2
P3575__1.0__424___424 0.183059737086 632.1 236.1 632.1 343.2 522.9 343.2 522.9 236.1
P0770__1.0__0___758 0.235652580857 533.6 43.0 472.6 120.5 382.6 56.2 443.6 -21.3
P5789__1.0__11500___6500 0.363454431295 87.7 361.2 58.6 394.3 28.8 363.2 57.8 330.2
P5789__1.0__11500___6500 0.327581614256 167.2 358.5 126.2 391.6 93.4 349.8 134.4 316.7
P5789__1.0__16500___0 0.214717671275 281.0 286.1 231.3 318.4 203.1 270.2 252.8 237.8
P5789__1.0__16500___0 0.196845054626 226.9 173.5 187.1 188.6 170.7 150.9 210.6 135.9
P1623__1.0__2000___500 0.102495446801 54.0 91.2 24.7 125.1 -10.2 88.8 19.1 54.9
P1742__1.0__1000___500 0.245795756578 611.4 453.2 581.6 500.3 536.8 471.1 566.6 424.0
P1474__1.0__2472___4500 0.101886600256 447.9 544.3 418.3 575.1 388.2 547.9 417.9 517.1
P1732__1.0__1000___1500 0.326235711575 217.2 569.7 190.2 607.1 154.2 579.1 181.2 541.7
P1732__1.0__1000___1500 0.173712208867 157.5 436.7 135.8 453.7 119.6 431.3 141.3 414.3
P4265__1.0__424___424 0.122600808740 34.7 31.6 17.0 55.5 -14.9 27.9 2.8 4.0
P2194__1.0__1000___1572 0.419183045626 183.8 92.2 102.1 148.2 42.1 54.9 123.8 -1.2
P1573__1.0__1000___2000 0.319835931063 56.0 370.0 24.8 396.1 -3.7 363.3 27.5 337.1
P1573__1.0__1000___2000 0.246166765690 347.9 351.1 314.1 374.1 289.1 333.7 322.8 310.7
P1573__1.0__1000___2000 0.234907686710 201.8 395.7 176.0 425.7 146.4 401.3 172.2 371.3
P1573__1.0__1000___2000 0.117915160954 444.6 364.4 409.9 384.9 392.7 352.7 427.5 332.2
P1732__1.0__0___1500 0.357564896345 377.3 434.2 346.3 477.3 306.9 442.8 337.9 399.6
P1732__1.0__0___1500 0.328620821238 179.1 217.8 153.1 251.4 121.0 219.4 147.0 185.9
P1732__1.0__0___1500 0.234344482422 385.7 503.8 331.4 537.3 298.0 476.2 352.3 442.7
P1732__1.0__0___1500 0.154252558947 270.7 300.9 248.5 327.4 221.5 303.1 243.7 276.7
P0491__1.0__500___1166 0.209512099624 568.6 273.5 421.7 410.8 276.1 248.8 423.0 111.5
P1410__1.0__500___3500 0.291842013597 623.6 361.0 541.7 498.4 420.1 434.5 502.0 297.1
P1752__1.0__3400___1000 0.105963937938 95.7 423.4 71.4 467.3 20.8 437.6 45.2 393.7
P0146__1.0__1000___0 0.211535885930 109.0 278.4 58.9 429.5 -57.7 396.0 -7.5 244.9
P5789__1.0__16000___10000 0.333678305149 415.0 140.0 384.7 171.3 350.2 137.3 380.4 106.0
P5789__1.0__16000___10000 0.108500562608 381.3 -14.7 381.3 34.8 318.2 34.8 318.2 -14.7
P0402__1.0__23___0 0.136175066233 604.0 152.4 471.7 225.5 384.5 83.0 516.9 9.9
P1643__1.0__2500___2500 0.358967542648 266.3 420.0 239.8 441.8 218.1 416.1 244.6 394.3
P1643__1.0__2500___2500 0.346486181021 283.7 475.6 258.1 499.8 233.0 472.9 258.6 448.7
P1643__1.0__2500___2500 0.334651619196 235.2 584.4 206.1 611.0 178.1 580.6 207.1 554.0
P1643__1.0__2500___2500 0.330028265715 336.8 407.4 310.4 433.0 284.1 406.3 310.4 380.7
P1410__1.0__3500___2500 0.149679288268 65.6 278.0 27.0 349.0 -29.9 317.3 8.7 246.3
P5789__1.0__26000___6500 0.296319007874 607.5 488.2 607.5 547.7 548.0 547.7 548.0 488.2
P6357__1.0__424___424 0.102478407323 493.2 464.1 445.0 523.5 390.5 482.3 438.7 422.9
P1584__1.0__500___1000 0.108552001417 311.6 6.3 289.4 44.1 245.0 22.2 267.2 -15.5
P1742__1.0__1500___1500 0.270651876926 180.2 312.3 150.5 333.7 128.9 300.6 158.6 279.2
P5789__1.0__15500___12000 0.305249989033 132.1 283.1 104.3 316.4 72.6 290.0 100.5 256.7
P5789__1.0__28600___9500 0.142309695482 411.9 515.8 375.9 545.4 343.8 505.0 379.9 475.3
P5789__1.0__16500___1500 0.132784724236 54.8 85.2 30.7 115.7 -2.5 87.0 21.7 56.6
P1752__1.0__3000___500 0.108520753682 31.4 -6.1 31.4 34.2 -3.6 34.2 -3.6 -6.1
P2121__1.0__0___0 0.125745639205 638.3 227.1 585.4 305.7 510.1 256.0 562.9 177.3
P2446__1.0__500___0 0.171597376466 411.6 34.6 352.7 100.8 280.5 49.2 339.4 -17.0
P1742__1.0__3686___1000 0.211126878858 609.1 438.7 592.2 471.4 563.6 453.2 580.5 420.4
P0457__1.0__0___0 0.265757411718 443.8 370.4 338.1 486.4 216.7 376.7 322.4 260.8
P1529__1.0__2500___1500 0.290065169334 598.0 14.6 573.6 45.9 542.2 21.7 566.6 -9.5
P1541__1.0__0___500 0.107570663095 221.3 526.7 221.3 597.0 150.7 597.0 150.7 526.7
P0117__1.0__0___500 0.179852783680 633.2 145.0 606.0 240.5 546.6 217.4 573.8 122.0
P5789__1.0__19500___20000 0.200007632375 358.9 556.0 320.9 591.3 285.3 552.1 323.3 516.9
P1573__1.0__3000___3500 0.279991120100 429.8 -12.8 429.8 31.8 381.9 31.8 381.9 -12.8
P1573__1.0__3000___3500 0.234907448292 367.0 101.3 338.8 139.9 302.6 111.3 330.8 72.7
P0491__1.0__500___0 0.294009834528 644.5 276.3 554.2 379.1 462.8 286.0 553.1 183.2
P5789__1.0__23000___25000 0.353860169649 378.0 11.2 347.3 43.2 314.6 17.5 345.3 -14.5
P2645__1.0__4005___2842 0.121844060719 370.8 142.3 321.2 179.6 280.6 126.3 330.2 89.0
P1566__1.0__0___500 0.127712011337 34.6 -6.2 34.6 33.9 -6.7 33.9 -6.7 -6.2
P1570__1.0__0___2500 0.255440205336 88.6 -11.5 88.6 30.7 34.7 30.7 34.7 -11.5
P0117__1.0__500___0 0.395309478045 406.9 485.8 365.8 559.7 293.2 517.7 334.2 443.8
P5789__1.0__26500___6500 0.340599179268 130.2 515.8 95.6 550.4 57.6 512.9 92.2 478.2
P1700__1.0__0___3000 0.157483816147 501.5 349.3 475.0 370.6 454.6 342.3 481.1 321.0
P1650__1.0__1500___1500 0.417231768370 244.1 183.0 220.7 231.8 168.1 205.3 191.5 156.6
P1650__1.0__1500___1500 0.395810186863 151.7 -2.4 138.3 32.4 99.9 21.7 113.3 -13.1
P1386__1.0__2000___2956 0.154704317451 146.0 235.0 65.6 301.8 16.8 239.8 97.1 172.9
P2754__1.0__2000___2000 0.113270491362 622.0 267.8 526.0 336.2 438.6 271.1 534.6 202.7
P2982__1.0__424___424 0.174370795488 165.9 415.1 85.3 504.1 -18.8 427.7 61.8 338.7
P0117__1.0__769___500 0.271243929863 125.2 -6.0 103.8 54.2 46.8 34.4 68.2 -25.8
P1474__1.0__0___5500 0.122798711061 212.0 542.5 166.1 598.8 88.2 564.6 134.2 508.3
P1786__1.0__500___3067 0.116743959486 56.8 478.2 24.4 516.0 2.9 486.4 35.4 448.6
P1529__1.0__3400___0 0.171428531408 275.6 396.9 247.0 420.1 225.0 390.8 253.6 367.7
P2331__1.0__1500___1359 0.402244001627 362.0 335.9 297.3 391.7 232.6 307.3 297.3 251.5
P1410__1.0__3000___2500 0.166616126895 556.7 287.2 481.9 374.1 407.4 316.2 482.2 229.3
P1410__1.0__3000___2500 0.139160767198 487.9 188.0 428.7 309.8 348.0 278.4 407.2 156.6
P1584__1.0__1500___3500 0.429682701826 593.0 291.8 555.5 326.2 515.4 281.4 552.8 247.0
P1584__1.0__1500___3500 0.400756239891 497.2 65.4 460.2 100.9 419.4 59.1 456.5 23.6
P1584__1.0__1500___3500 0.180524066091 616.4 157.2 616.4 222.7 563.1 222.7 563.1 157.2
P1604__1.0__2000___1500 0.397628724575 569.6 62.4 546.1 96.7 507.0 69.6 530.4 35.3
P1604__1.0__2000___1500 0.338385313749 305.4 201.1 282.4 230.0 250.8 204.8 273.7 175.8
P1604__1.0__2000___1500 0.321770638227 158.5 161.9 127.3 209.8 77.5 178.9 108.7 131.0
P2168__1.0__500___0 0.441909074783 341.7 410.8 261.8 470.2 197.2 376.4 277.1 317.1
P2168__1.0__500___0 0.256202995777 99.9 268.1 99.9 415.1 -8.7 415.1 -8.7 268.1
P1410__1.0__4500___1000 0.182858124375 190.2 161.0 190.2 331.6 13.8 331.6 13.8 161.0
P2745__1.0__500___500 0.299496412277 508.1 209.4 479.9 239.6 440.5 204.2 468.7 173.9
P2745__1.0__500___500 0.284461110830 475.8 282.1 450.7 295.8 433.0 266.2 458.1 252.5
P1650__1.0__1500___2500 0.120011031628 610.0 19.9 584.0 56.6 546.0 31.8 572.0 -4.9
P5789__1.0__25500___6000 0.101647235453 62.3 515.1 15.2 533.5 -11.8 448.3 35.3 429.9
P1573__1.0__3000___4364 0.176036953926 520.7 553.3 462.8 577.7 435.9 523.0 493.7 498.6
P1573__1.0__3000___4364 0.153302863240 619.4 506.3 582.8 537.4 553.1 497.2 589.7 466.1
P2608__1.0__1000___1500 0.101697839797 609.3 547.7 574.3 586.4 538.1 551.8 573.1 513.1
P1598__1.0__3400___4000 0.104317538440 611.6 83.3 611.6 136.6 568.6 136.6 568.6 83.3
P5789__1.0__20500___14000 0.264861464500 551.8 14.6 520.7 44.0 492.2 14.8 523.3 -14.6
P5789__1.0__20500___14000 0.103155635297 24.7 22.5 24.7 53.0 -5.7 53.0 -5.7 22.5
P2768__1.0__0___1500 0.182817503810 512.1 447.7 411.9 540.2 315.7 442.9 415.9 350.4
P1732__1.0__1500___500 0.111106142402 418.2 205.2 395.1 226.4 377.8 199.3 400.8 178.1
P1679__1.0__1000___2500 0.125664189458 31.4 403.2 7.1 421.8 -11.8 393.5 12.6 374.8
P1679__1.0__1000___2500 0.112889118493 88.7 537.9 58.7 561.7 36.0 530.6 66.0 506.7
P0146__1.0__1000___500 0.243749216199 391.5 459.5 315.5 569.2 212.5 495.5 288.5 385.8
P0770__1.0__500___0 0.363445729017 280.5 437.7 184.6 559.2 59.6 469.4 155.4 347.9
P2150__1.0__0___480 0.403133958578 233.0 253.5 186.8 315.2 122.3 262.5 168.5 200.8
P2150__1.0__0___480 0.324158459902 172.1 24.4 123.9 73.4 63.8 26.1 112.0 -22.8
P5789__1.0__12500___7500 0.358306109905 309.7 302.3 277.1 332.1 247.0 294.9 279.5 265.1
P5789__1.0__12500___7500 0.217084303498 447.1 480.3 405.9 509.8 372.7 460.4 414.0 430.9
P5789__1.0__26500___5000 0.166431307793 52.2 427.1 21.3 454.4 -7.8 424.4 23.1 397.2
P5789__1.0__23500___10000 0.133656725287 601.7 563.6 601.7 608.3 546.5 608.3 546.5 563.6
P5789__1.0__26500___19500 0.381174236536 563.1 550.9 537.1 584.0 505.9 557.4 531.9 524.2
P5789__1.0__26500___19500 0.121244288981 614.8 512.4 614.8 572.2 565.4 572.2 565.4 512.4
P1679__1.0__500___3000 0.270983904600 589.8 324.5 548.9 352.0 518.3 304.2 559.2 276.7
P1679__1.0__500___3000 0.193395808339 588.7 38.1 558.9 62.4 535.3 30.3 565.1 6.0
P1770__1.0__1000___3500 0.113410428166 119.7 585.3 86.4 609.1 60.5 569.7 93.9 545.9
P2718__1.0__3936___0 0.101930454373 558.4 145.5 543.0 166.8 494.5 137.7 510.0 116.4
P1583__1.0__1000___0 0.124033674598 29.2 17.5 8.0 35.4 -8.5 9.9 12.8 -8.0
P5789__1.0__26000___21000 0.371165186167 248.5 417.3 217.4 448.0 188.0 418.4 219.1 387.7
P5789__1.0__26000___21000 0.336202800274 272.2 546.3 242.0 569.2 221.3 538.2 251.6 515.4
P1569__1.0__1500___3000 0.274969607592 464.5 216.8 430.5 247.3 404.7 212.2 438.7 181.7
P1234__1.0__2500___0 0.130312517285 24.0 257.0 24.0 298.5 -12.0 298.5 -12.0 257.0
P1569__1.0__1500___1500 0.312731623650 49.3 147.5 16.5 173.3 -12.6 137.1 20.2 111.4
P1569__1.0__1500___1500 0.149750560522 87.7 262.1 87.7 317.9 28.6 317.9 28.6 262.1
P5789__1.0__20000___22500 0.179026141763 544.1 541.5 502.4 578.8 467.6 534.2 509.4 496.9
P1561__1.0__1500___3400 0.192316383123 322.4 537.7 300.6 579.5 256.9 555.2 278.7 513.5
P1573__1.0__0___4364 0.379384338856 91.2 490.9 53.8 523.2 17.5 481.7 54.9 449.4
P1573__1.0__0___4364 0.314486712217 312.5 580.3 277.6 606.5 252.2 569.1 287.1 542.8
P1643__1.0__2000___0 0.100915409625 59.6 6.4 37.0 33.7 8.7 13.7 31.3 -13.6
P1750__1.0__500___3000 0.107138909400 579.0 7.4 554.1 35.0 528.7 13.3 553.6 -14.3
P1065__1.0__500___1937 0.119779489934 88.0 333.8 64.5 372.2 4.6 332.7 28.1 294.3
P1732__1.0__3682___1000 0.271062761545 141.2 190.7 117.2 206.4 103.8 180.9 127.8 165.2
P1542__1.0__3400___2000 0.226908802986 275.5 207.0 228.6 246.3 193.1 198.1 240.0 158.8
P5789__1.0__0___18000 0.323657453060 132.6 554.5 101.9 572.8 80.4 538.6 111.0 520.2
P2197__1.0__1649___500 0.282353967428 123.7 54.4 73.6 114.7 7.3 60.7 57.3 0.4
P1601__1.0__3000___0 0.143171772361 608.9 -12.4 608.9 32.6 563.0 32.6 563.0 -12.4
P1384__1.0__500___5035 0.101629450917 122.1 462.1 122.1 573.7 -14.9 573.7 -14.9 462.1
P1323__1.0__1000___500 0.145973742008 613.8 402.0 613.8 458.0 566.0 458.0 566.0 402.0
P5789__1.0__26000___7000 0.405890852213 494.2 144.8 458.9 174.7 430.7 140.5 466.0 110.7
P5789__1.0__26000___7000 0.231589391828 596.2 3.2 596.2 48.9 551.6 48.9 551.6 3.2
P1732__1.0__2500___0 0.293704986572 215.2 330.1 186.1 363.6 157.2 338.3 186.3 304.8
P2197__1.0__0___500 0.459495067596 360.8 192.3 301.9 250.4 242.1 187.0 301.0 128.9
P1065__1.0__3000___1000 0.103108860552 239.4 426.8 239.4 632.7 20.0 632.7 20.0 426.8
P1583__1.0__3000___2000 0.393510282040 347.4 507.3 313.5 536.5 280.4 497.6 314.4 468.5
P0791__1.0__0___482 0.126526743174 465.0 277.7 378.1 413.3 251.6 332.8 338.5 197.3
P2724__1.0__3000___1500 0.101793669164 411.7 543.9 361.2 618.4 312.0 579.8 362.5 505.3
P1573__1.0__2000___4364 0.291047781706 545.8 232.0 506.8 277.5 458.4 236.4 497.3 190.8
P1573__1.0__2000___4364 0.138636514544 462.8 268.4 429.0 288.6 413.5 256.3 447.3 236.2
P1570__1.0__0___2000 0.377496719360 93.5 487.8 60.6 528.6 15.2 492.5 48.1 451.7
P1643__1.0__3400___3000 0.398029178381 428.4 514.8 390.8 553.4 351.0 513.3 388.6 474.7
P1643__1.0__3400___3000 0.332036435604 596.1 345.6 563.8 379.8 528.1 347.5 560.4 313.3
P1384__1.0__1000___3000 0.111136287451 172.0 471.3 172.0 628.9 -8.2 628.9 -8.2 471.3
P5789__1.0__25500___7000 0.293200343847 97.2 276.9 63.2 308.6 35.1 279.4 69.1 247.7
P5789__1.0__28000___25000 0.347127288580 543.9 549.2 503.3 580.5 468.7 535.8 509.2 504.5
P5789__1.0__18000___3000 0.358645379543 403.3 15.1 374.9 49.8 337.4 22.0 365.9 -12.6
P5789__1.0__27500___4500 0.344807893038 125.3 435.4 87.5 473.7 47.4 433.1 85.2 394.9
P5789__1.0__27500___4500 0.171248123050 262.9 400.1 235.9 423.4 214.3 395.6 241.3 372.3
P1601__1.0__1000___1000 0.115385420620 413.8 268.8 384.4 287.9 359.2 255.4 388.5 236.3
P1584__1.0__500___0 0.373269170523 215.0 391.8 190.1 414.6 165.5 387.6 190.3 364.8
P5789__1.0__19000___3000 0.233398780227 303.3 39.5 266.2 59.8 244.9 21.8 282.0 1.6
P1566__1.0__500___2000 0.174339681864 106.8 531.6 77.3 544.9 65.7 512.2 95.3 499.0
P0491__1.0__0___1000 0.148175865412 309.3 -67.7 309.3 95.5 126.1 95.5 126.1 -67.7
P2645__1.0__4000___2842 0.128610447049 373.4 137.8 325.1 179.1 286.1 130.5 334.4 89.2
P1738__1.0__3000___3400 0.303973346949 70.0 469.6 51.0 496.9 22.0 477.7 41.0 450.4
P0491__1.0__0___500 0.286550760269 336.4 430.5 213.1 544.7 99.7 420.6 223.0 306.4
P1720__1.0__1500___0 0.120531640947 616.4 256.4 567.2 317.6 523.5 275.3 572.6 214.1
P1786__1.0__0___3000 0.171932175756 193.9 472.6 193.9 579.9 82.1 579.9 82.1 472.6
P1619__1.0__500___0 0.120133042336 56.7 126.4 29.6 153.8 2.3 125.4 29.5 98.1
P5789__1.0__22000___500 0.336451500654 151.2 446.7 116.2 469.7 93.9 429.5 129.0 406.6
P5789__1.0__22000___500 0.314442306757 135.8 383.7 107.8 407.6 85.6 380.5 113.6 356.6
P5789__1.0__22000___500 0.262296080589 187.7 375.1 155.7 396.0 137.6 365.2 169.6 344.4
P5789__1.0__22000___500 0.184120953083 56.1 237.6 56.1 294.9 -4.1 294.9 -4.1 237.6
P5789__1.0__16000___9500 0.174731448293 385.2 499.7 348.0 533.4 315.6 496.7 352.8 462.9
P1573__1.0__2000___2000 0.286956697702 504.5 106.3 469.7 133.2 444.8 98.2 479.6 71.2
P1410__1.0__4000___1000 0.300588041544 87.1 88.0 32.1 130.3 -12.5 67.3 42.4 24.9
P1410__1.0__4000___1000 0.116667605937 626.4 154.0 626.4 330.5 505.7 330.5 505.7 154.0
P1604__1.0__500___500 0.357632696629 453.8 582.4 422.8 605.6 398.6 574.6 429.6 551.4
P1604__1.0__500___500 0.266800463200 510.1 579.1 478.0 618.4 438.5 585.6 470.5 546.3
P1573__1.0__2500___4364 0.234645113349 51.9 235.0 22.4 268.1 -15.5 233.0 14.0 199.9
P1713__1.0__2000___500 0.107530981302 565.1 79.1 547.5 97.8 518.9 77.5 536.5 58.8
P1386__1.0__3500___2500 0.101453177631 527.8 333.6 467.1 377.2 411.1 309.7 471.8 266.2
P1542__1.0__2500___1000 0.135798111558 529.7 4.7 505.3 45.6 465.9 23.7 490.3 -17.2
P1518__1.0__0___2500 0.266155332327 274.3 374.5 262.4 414.6 225.6 406.2 237.5 366.1
P1650__1.0__2000___0 0.366067349911 504.1 181.0 470.1 212.9 436.2 175.8 470.1 143.9
P5789__1.0__26500___7000 0.228980049491 129.1 26.3 90.6 55.7 60.0 17.6 98.5 -11.7
P1268__1.0__1000___3020 0.149342432618 585.2 446.6 562.6 483.2 531.0 462.2 553.6 425.5
P2194__1.0__1116___1000 0.371612548828 197.7 253.3 98.5 355.0 -10.5 238.1 88.8 136.5
P2194__1.0__1116___1000 0.157835140824 157.6 459.5 157.6 648.1 -34.5 648.1 -34.5 459.5
P1386__1.0__0___2000 0.223717123270 438.8 179.4 377.0 236.1 293.5 128.3 355.3 71.5
P5789__1.0__3500___15500 0.310739964247 112.2 401.6 80.0 430.8 53.7 396.0 85.9 366.8
P5789__1.0__3500___15500 0.273774981499 120.0 330.4 80.4 360.5 53.2 322.4 92.8 292.4
P1770__1.0__2500___3000 0.154125273228 374.3 33.8 344.6 48.5 326.7 10.2 356.5 -4.6
P1770__1.0__2500___3000 0.138422310352 448.7 -11.9 448.7 31.6 378.7 31.6 378.7 -11.9
P1584__1.0__0___3000 0.408437162638 419.9 201.8 390.2 233.0 360.5 201.7 390.2 170.6
P1584__1.0__0___3000 0.342683911324 348.1 153.3 318.0 180.7 289.7 148.2 319.7 120.9
P1584__1.0__0___3000 0.341907352209 404.5 149.8 365.6 171.3 344.2 127.1 383.2 105.7
P1584__1.0__0___3000 0.322826981544 367.0 223.8 330.5 244.8 309.1 204.1 345.6 183.1
P1584__1.0__0___3000 0.276841580868 250.2 165.6 222.0 186.9 202.9 158.6 231.1 137.4
P2011__1.0__0___500 0.399981528521 325.5 533.4 234.8 599.7 158.0 500.9 248.6 434.5
P2194__1.0__1000___1500 0.446427226067 185.6 152.0 109.2 221.1 40.8 139.1 117.1 69.9
P5789__1.0__0___18500 0.326746314764 138.7 55.5 104.1 75.2 81.4 37.3 115.9 17.7
P1570__1.0__3000___3500 0.371229648590 528.1 569.9 500.2 601.8 468.5 570.3 496.4 538.4
P5789__1.0__18000___2500 0.335740387440 405.8 518.5 366.9 550.3 334.9 511.1 373.8 479.3
P0228__1.0__0___0 0.285599350929 71.6 63.2 36.7 96.0 4.1 60.6 39.0 27.8
P1561__1.0__500___1500 0.205675810575 487.1 487.4 444.1 513.7 421.3 469.4 464.3 443.1
P5789__1.0__0___27020 0.140478596091 487.9 194.5 459.6 220.6 437.1 185.4 465.4 159.3
P5789__1.0__24000___27000 0.312827944756 337.4 151.5 308.6 189.0 267.2 155.8 296.0 118.3
P1903__1.0__500___0 0.150569438934 614.3 494.9 614.3 589.2 525.4 589.2 525.4 494.9
P1065__1.0__0___1937 0.128266468644 590.5 336.3 561.0 376.9 502.2 330.8 531.6 290.2
P1410__1.0__1000___3500 0.338841974735 310.8 142.0 211.7 257.1 92.3 149.4 191.3 34.2
P1410__1.0__1000___3500 0.266223043203 337.0 541.2 287.4 611.8 211.1 557.6 260.7 487.0
P1410__1.0__1000___3500 0.244989410043 551.9 278.0 474.0 430.2 339.6 365.3 417.5 213.0
P1410__1.0__1000___3500 0.201106026769 116.9 354.5 68.3 465.6 -25.3 432.0 23.3 321.0
P1371__1.0__1500___3000 0.108784437180 107.4 209.6 45.0 236.0 17.0 172.2 79.5 145.8
P1410__1.0__3500___1000 0.369680076838 453.1 124.1 380.4 193.9 310.5 119.5 383.2 49.7
P1410__1.0__3500___1000 0.216139465570 583.3 18.4 583.3 137.3 451.7 137.3 451.7 18.4
P1586__1.0__2000___2000 0.222849026322 565.1 246.8 537.1 264.3 520.0 236.7 548.0 219.1
P1323__1.0__2000___500 0.159515589476 153.1 6.1 109.2 27.7 82.0 6.9 125.9 -14.7
P2197__1.0__1649___0 0.319912850857 156.4 532.3 75.3 606.8 7.0 525.9 88.1 451.4
P2197__1.0__1649___0 0.289611697197 87.1 241.6 56.4 280.2 12.2 249.8 43.0 211.2
P2197__1.0__1649___0 0.110551208258 91.0 249.5 91.0 378.4 0.7 378.4 0.7 249.5
P1410__1.0__1000___3000 0.139524281025 279.1 547.5 279.1 632.4 140.3 632.4 140.3 547.5
P1566__1.0__1500___500 0.117548987269 242.1 378.0 214.1 407.0 187.0 378.2 215.1 349.2
P1598__1.0__1000___2000 0.159639254212 604.4 2.5 604.4 57.7 551.2 57.7 551.2 2.5
P1732__1.0__1000___500 0.140025496483 431.2 217.9 414.4 250.4 389.2 233.4 406.1 200.9
P0375__1.0__278___289 0.234431296587 507.1 538.9 422.4 641.5 320.4 560.0 405.1 457.4
P1759__1.0__1000___2000 0.279179126024 584.8 447.3 559.5 477.5 532.0 453.3 557.3 423.2
P5789__1.0__28600___10000 0.127951532602 413.0 18.0 379.3 48.8 342.8 10.5 376.6 -20.3
P1693__1.0__1000___2500 0.381284981966 238.4 174.1 196.0 206.9 157.8 158.3 200.2 125.6
P1693__1.0__1000___2500 0.375526010990 345.1 69.2 315.1 98.0 284.0 63.2 313.9 34.4
P1693__1.0__1000___2500 0.359319269657 273.6 329.6 230.7 358.2 194.3 307.5 237.1 278.9
P1693__1.0__1000___2500 0.338326007128 380.3 216.8 352.9 250.0 320.4 220.9 347.8 187.7
P2255__1.0__138___0 0.321832150221 405.9 566.9 373.9 609.7 326.4 573.7 358.4 530.8
P2255__1.0__138___0 0.306413233280 169.3 324.8 127.6 360.1 90.2 312.3 131.8 277.0
P2255__1.0__138___0 0.304455131292 91.4 235.2 51.3 290.4 0.2 249.2 40.3 193.9
P2255__1.0__138___0 0.303811848164 92.0 408.4 47.7 445.8 6.9 396.3 51.3 358.8
P2255__1.0__138___0 0.283713608980 469.0 470.4 441.5 513.5 399.5 485.6 427.1 442.6
P2255__1.0__138___0 0.225962787867 560.9 562.0 516.9 601.6 473.7 554.0 517.7 514.5
P2255__1.0__138___0 0.134756773710 389.7 531.1 314.9 626.7 229.7 560.5 304.5 464.8
P1230__1.0__3500___2000 0.104046672583 607.7 382.5 585.4 407.4 566.2 382.0 588.6 357.1
P0047__1.0__0___1000 0.339638322592 462.6 352.2 385.2 436.9 301.3 354.7 378.7 270.0
P1569__1.0__0___2000 0.184310570359 411.7 254.4 371.3 277.5 352.5 237.6 392.9 214.4
P2689__1.0__4000___0 0.106287471950 608.7 102.2 608.7 181.9 547.4 181.9 547.4 102.2
P8656__1.0__1500___1500 0.128355160356 639.7 201.4 582.5 309.0 500.9 258.1 558.1 150.5
P1583__1.0__1500___4371 0.116819389164 565.3 -7.4 565.3 27.3 526.6 27.3 526.6 -7.4
P1770__1.0__3400___3000 0.248271435499 190.3 74.8 166.0 100.6 141.3 72.7 165.6 47.0
P5789__1.0__28600___9000 0.221585676074 616.9 257.3 587.8 287.6 564.4 251.8 593.4 221.5
P2194__1.0__1116___1572 0.313250511885 64.7 74.3 27.5 125.2 -21.8 80.8 15.4 29.9
P0491__1.0__1000___1000 0.208104878664 302.5 80.1 213.2 209.4 94.5 114.8 183.8 -14.6
P0491__1.0__1000___1000 0.158247098327 74.5 404.9 25.9 499.8 -55.3 437.7 -6.7 342.8
P1410__1.0__2500___3500 0.123200967908 371.8 4.1 346.6 68.7 295.8 54.9 320.9 -9.8
P1384__1.0__4500___500 0.128183200955 264.9 332.7 143.7 474.6 3.8 359.5 125.0 217.7
P1529__1.0__3000___1500 0.204507142305 97.6 10.9 72.1 43.5 42.4 18.3 67.9 -14.4
P0206__1.0__0___0 0.240840896964 253.8 232.8 189.8 273.9 142.8 211.6 206.8 170.5
P1410__1.0__1500___3500 0.192277386785 44.7 275.9 44.7 376.0 -25.3 376.0 -25.3 275.9
P2733__1.0__1000___0 0.135873168707 128.0 88.4 128.0 188.1 28.5 188.1 28.5 88.4
P1240__1.0__3400___1500 0.177744075656 94.0 6.5 64.6 36.3 38.3 13.6 67.7 -16.2
P1604__1.0__1500___1500 0.112429238856 612.0 147.3 612.0 200.5 568.2 200.5 568.2 147.3
P1903__1.0__500___688 0.407742530107 304.9 279.3 237.3 351.1 154.3 267.6 221.9 195.7
P5789__1.0__19500___9500 0.366599261761 420.6 244.0 388.3 281.5 352.2 248.1 384.5 210.6
P5789__1.0__19500___9500 0.258665949106 367.4 126.6 337.0 150.9 309.7 118.5 340.1 94.1
P5789__1.0__19500___9500 0.195362523198 146.2 399.7 118.4 424.4 91.7 397.0 119.5 372.2
P1713__1.0__3000___1000 0.136927530169 334.9 23.8 306.1 52.4 278.1 20.8 306.8 -7.8
P5789__1.0__25000___21000 0.119400411844 80.9 16.5 80.9 59.2 35.0 59.2 35.0 16.5
P1598__1.0__3400___2000 0.169134259224 31.7 45.0 12.4 78.5 -12.5 54.5 6.8 21.0
P1650__1.0__2500___1500 0.100466743112 305.6 192.3 282.1 218.1 258.0 196.3 281.5 170.5
P5789__1.0__19000___7500 0.403753697872 195.2 199.8 165.9 232.5 138.1 204.5 167.4 171.8
P2121__1.0__240___0 0.268050760031 509.8 146.8 509.8 377.8 262.2 377.8 262.2 146.8
P1573__1.0__1000___1500 0.329393923283 353.1 343.7 320.6 374.6 292.1 340.4 324.6 309.6
P1573__1.0__1000___1500 0.213472187519 421.4 220.6 392.1 245.9 367.6 216.6 396.9 191.4
P1230__1.0__500___1500 0.142095088959 547.6 5.9 519.1 29.8 488.6 13.8 517.1 -10.1
P4183__1.0__424___424 0.167463600636 608.3 78.3 608.3 133.8 555.5 133.8 555.5 78.3
P1569__1.0__1000___1500 0.363521367311 545.9 144.7 511.9 173.6 482.5 140.6 516.5 111.6
P1569__1.0__1000___1500 0.283913999796 588.7 290.8 559.7 320.4 527.9 289.4 556.9 259.9
P1583__1.0__1000___4371 0.236709028482 506.7 -10.4 506.7 29.6 465.1 29.6 465.1 -10.4
P1584__1.0__0___1500 0.349084794521 64.9 515.7 31.0 541.2 3.8 505.2 37.7 479.7
P5789__1.0__11000___6500 0.340495824814 584.5 355.3 557.2 389.4 523.9 361.3 551.2 327.3
P1693__1.0__0___1500 0.261253327131 445.8 180.8 445.8 239.6 390.3 239.6 390.3 180.8
P5789__1.0__12500___9500 0.149111703038 153.9 182.8 132.1 197.0 115.3 173.6 137.1 159.3
P0491__1.0__2202___1000 0.151476636529 373.2 -83.3 373.2 118.8 142.0 118.8 142.0 -83.3
P2194__1.0__500___1572 0.171782717109 610.8 29.3 610.8 133.9 536.6 133.9 536.6 29.3
P5789__1.0__19500___20500 0.355320721865 189.6 369.5 147.8 404.9 111.0 363.4 152.9 328.1
P5789__1.0__19500___20500 0.203493744135 63.8 368.7 29.8 394.5 4.6 363.6 38.6 337.7
P1529__1.0__0___0 0.109135165811 432.4 160.6 396.9 186.8 372.7 147.8 408.3 121.5
P1752__1.0__3000___1000 0.124270826578 495.7 423.5 471.7 466.9 420.6 437.2 444.7 393.8
P5789__1.0__28600___4000 0.242834866047 571.0 465.6 522.5 493.7 488.7 433.7 537.2 405.6
P1732__1.0__3500___1000 0.336258143187 323.4 189.5 299.8 208.3 282.2 182.6 305.9 163.8
P1752__1.0__3000___1500 0.101691633463 438.2 479.4 352.8 536.6 278.3 420.1 363.6 362.9
P1647__1.0__3400___1500 0.351383656263 68.0 307.7 37.7 336.4 7.9 304.5 38.2 275.8
P1647__1.0__3400___1500 0.268663913012 37.7 397.5 6.6 423.1 -18.5 374.8 12.6 349.2
P1647__1.0__3400___1500 0.146495088935 97.9 343.1 63.7 389.0 18.0 356.3 52.2 310.4
P9467__1.0__500___2000 0.153630509973 51.4 150.5 51.4 237.3 -24.0 237.3 -24.0 150.5
P2241__1.0__0___0 0.367816954851 227.5 264.1 161.6 299.3 111.9 212.4 177.8 177.3
P2241__1.0__0___0 0.346899181604 497.1 359.9 449.0 402.5 401.9 347.4 450.0 304.9
P2241__1.0__0___0 0.300594270229 296.5 528.3 220.3 624.3 130.9 554.1 207.1 458.2
P5789__1.0__1000___17000 0.108794353902 612.0 252.8 612.0 311.8 560.7 311.8 560.7 252.8
P0047__1.0__500___1500 0.363529771566 254.3 254.6 135.5 338.6 45.2 212.8 164.1 128.8
P2758__1.0__6500___3000 0.217758506536 622.1 447.9 566.3 506.0 508.8 451.3 564.6 393.1
P1903__1.0__1000___500 0.255236804485 232.0 71.2 136.0 200.7 12.2 108.2 108.2 -21.3
P1315__1.0__3400___500 0.107088550925 297.2 586.7 265.1 612.4 242.8 586.6 274.9 560.9
P1770__1.0__1500___0 0.112142346799 428.0 312.5 389.1 346.4 352.4 299.7 391.3 265.8
P1619__1.0__2500___0 0.299387812614 312.0 171.6 275.3 197.7 252.3 153.3 289.1 127.2
P1619__1.0__2500___0 0.279011279345 59.5 320.6 36.7 351.2 8.4 331.1 31.2 300.5
P1738__1.0__2500___3400 0.349208891392 489.7 547.0 467.1 577.2 434.9 553.3 457.5 523.1
P1738__1.0__2500___3400 0.335977643728 572.2 467.9 549.7 495.3 520.1 472.9 542.6 445.5
P1738__1.0__2500___3400 0.135350480676 518.4 579.2 496.7 597.4 477.2 576.7 498.9 558.6
P1738__1.0__2500___3400 0.105894654989 553.7 454.7 553.7 549.4 433.7 549.4 433.7 454.7
P1184__1.0__1000___4500 0.309168428183 320.0 313.8 276.4 353.4 235.6 305.9 279.2 266.3
P1410__1.0__2000___4000 0.320613563061 290.1 398.6 182.2 497.1 89.6 388.4 197.5 289.9
P5789__1.0__27000___19500 0.347854107618 66.3 556.8 34.5 583.6 10.5 551.4 42.3 524.6
P5789__1.0__27000___19500 0.316830426455 142.9 539.9 111.6 575.2 77.0 544.6 108.3 509.3
P1377__1.0__500___0 0.143981501460 80.4 152.9 31.6 236.0 -21.5 161.8 27.3 78.7
P1643__1.0__2500___3400 0.325807124376 340.5 76.1 302.4 112.8 263.8 72.7 301.9 36.0
P5789__1.0__19500___4000 0.252141445875 481.5 240.4 449.1 253.2 436.2 220.7 468.6 207.8
P5789__1.0__19500___4000 0.174993827939 467.9 318.6 467.9 381.3 407.3 381.3 407.3 318.6
P1623__1.0__2000___2500 0.114561982453 597.8 83.6 573.8 107.2 550.7 80.1 574.7 56.5
P1410__1.0__1500___4000 0.338627278805 277.0 529.7 177.6 617.8 86.0 513.7 185.4 425.6
P2012__1.0__0___0 0.341325491667 65.3 297.4 45.2 331.5 19.1 317.4 39.3 283.3
P2012__1.0__0___0 0.315418422222 148.4 21.9 129.0 50.0 99.2 28.2 118.6 0.1
P2012__1.0__0___0 0.255135625601 57.9 178.9 36.9 200.9 14.5 179.5 35.5 157.5
P2012__1.0__0___0 0.204220756888 188.6 183.8 171.5 203.0 155.0 182.2 172.2 163.0
P2012__1.0__0___0 0.153269171715 182.7 319.5 164.0 337.0 148.9 318.4 167.5 300.9
P1410__1.0__1000___4000 0.131195023656 408.7 63.7 307.7 209.2 164.2 124.0 265.2 -21.5
P1992__1.0__500___500 0.146641001105 623.7 361.3 539.6 475.5 452.5 410.2 536.5 296.0
P0815__1.0__500___0 0.126574933529 97.7 15.3 97.7 196.8 -70.0 196.8 -70.0 15.3
P1742__1.0__0___1500 0.338739961386 573.6 150.1 548.3 182.3 518.7 157.8 543.9 125.5
P0117__1.0__0___562 0.195519015193 628.3 88.5 605.6 174.8 551.7 154.1 574.3 67.8
P1713__1.0__2000___0 0.126789927483 564.7 577.8 547.5 598.5 518.9 578.4 536.2 557.7
P1610__1.0__2500___0 0.314552664757 196.0 559.0 169.3 603.9 119.8 573.5 146.5 528.5
P1410__1.0__1500___3000 0.359851151705 307.3 402.9 198.7 498.6 104.2 384.2 212.7 288.5
P1672__1.0__2500___500 0.128706648946 349.4 194.1 315.8 222.9 286.1 186.1 319.7 157.3
P1619__1.0__2500___500 0.112563230097 332.7 3.5 307.2 37.7 271.4 15.9 296.9 -18.2
P2194__1.0__0___1572 0.159197434783 289.6 77.0 289.6 191.4 162.2 191.4 162.2 77.0
P2197__1.0__1500___500 0.327344834805 273.3 56.8 220.7 116.2 153.4 58.5 206.0 -0.9
P1738__1.0__500___3000 0.411695152521 330.3 327.9 307.2 360.1 274.3 332.1 297.4 300.0
P1738__1.0__500___3000 0.349559336901 362.0 406.1 332.0 431.4 306.4 397.9 336.4 372.6
P1738__1.0__500___3000 0.343761861324 291.2 194.5 259.3 220.6 233.9 187.1 265.8 161.1
P1738__1.0__500___3000 0.260058164597 396.1 550.7 377.6 577.5 351.8 557.9 370.3 531.1
P5789__1.0__24500___21000 0.321243941784 150.4 536.5 102.8 567.6 69.7 515.5 117.3 484.4
P5789__1.0__24500___21000 0.190676361322 578.5 15.9 578.5 60.0 529.7 60.0 529.7 15.9
P5789__1.0__24500___21000 0.178871795535 71.1 509.4 71.1 582.8 -2.9 582.8 -2.9 509.4
P5789__1.0__24500___21000 0.133415102959 152.7 591.1 121.1 612.3 91.9 588.3 123.4 567.1
P5789__1.0__5000___20500 0.171657115221 174.6 75.0 146.1 102.2 118.4 72.6 146.9 45.4
P5789__1.0__4500___20000 0.264849841595 577.3 446.4 534.4 481.8 498.5 438.0 541.4 402.7
P5789__1.0__4500___20000 0.111157096922 621.6 446.1 621.6 534.5 542.0 534.5 542.0 446.1
P1268__1.0__1500___3000 0.144201174378 77.7 465.4 59.9 499.2 30.8 483.3 48.6 449.5
P1647__1.0__3000___1500 0.371698021889 462.4 310.3 434.1 335.1 406.6 302.2 434.9 277.4
P1647__1.0__3000___1500 0.366635680199 435.6 394.9 403.4 433.5 361.1 393.9 393.4 355.2
P1647__1.0__3000___1500 0.283705323935 400.2 302.0 373.3 327.1 348.5 302.7 375.4 277.7
P1647__1.0__3000___1500 0.171041011810 483.9 342.3 458.7 382.9 416.8 357.9 442.0 317.3
P5789__1.0__16500___6500 0.186777532101 548.9 27.0 514.2 61.5 479.4 33.3 514.1 -1.2
P1577__1.0__1000___0 0.403413265944 561.8 459.2 530.9 485.2 498.9 448.1 529.8 422.1
P1577__1.0__1000___0 0.144066348672 491.4 459.5 472.8 491.7 433.7 472.6 452.3 440.4
P2733__1.0__500___0 0.312743037939 611.1 143.0 568.1 175.0 536.4 124.9 579.5 92.9
P1598__1.0__0___1500 0.187740817666 95.8 3.0 73.7 46.0 28.4 25.2 50.5 -17.7
P0130__1.0__0___260 0.246599942446 468.1 13.3 448.6 37.6 423.7 22.4 443.3 -2.0
P0130__1.0__0___260 0.187424555421 556.6 274.6 534.8 288.2 520.8 265.7 542.6 252.1
P0130__1.0__0___260 0.150475934148 557.8 88.9 539.6 105.9 520.0 90.3 538.2 73.3
P1763__1.0__500___0 0.129294782877 611.8 -11.6 611.8 39.4 560.1 39.4 560.1 -11.6
P0131__1.0__500___0 0.350601255894 380.1 496.9 268.6 588.3 175.7 489.7 287.3 398.3
P0047__1.0__500___1000 0.353758424520 228.5 354.1 127.8 432.3 46.8 320.9 147.5 242.7
P0491__1.0__1500___1000 0.186506107450 358.0 313.4 254.9 443.7 126.6 329.3 229.6 198.9
P1770__1.0__2000___500 0.184141382575 548.6 427.9 527.9 441.4 512.3 415.7 533.0 402.2
P5789__1.0__19500___4500 0.172856464982 300.5 274.9 300.5 321.3 255.6 321.3 255.6 274.9
P1604__1.0__3400___2500 0.103165827692 326.5 13.7 291.2 37.2 270.1 7.3 305.4 -16.2
P1474__1.0__2000___4500 0.108967445791 605.8 145.6 605.8 210.8 526.0 210.8 526.0 145.6
P1699__1.0__2000___4384 0.110351540148 514.3 49.6 488.8 75.8 457.9 43.5 483.3 17.3
P5789__1.0__15000___18000 0.136639758945 339.8 136.0 295.1 153.7 273.5 108.7 318.2 90.9
P1583__1.0__0___2000 0.130409598351 620.8 69.2 586.1 97.2 559.2 54.7 594.0 26.8
P0146__1.0__500___500 0.235093444586 361.0 376.2 309.7 439.2 249.9 387.5 301.1 324.5
P0491__1.0__2202___500 0.247991204262 383.7 436.2 257.2 562.8 132.4 431.2 258.8 304.5
P1573__1.0__500___500 0.135597497225 120.2 177.8 86.9 200.3 69.0 162.7 102.3 140.2
P5789__1.0__2000___24000 0.164289399981 567.2 119.1 567.2 189.1 500.2 189.1 500.2 119.1
P1541__1.0__2000___3400 0.120548032224 120.6 40.8 70.2 73.9 43.3 35.1 93.7 1.9
P0047__1.0__526___1500 0.353361219168 221.1 250.7 110.5 334.6 22.4 216.5 133.0 132.6
P1700__1.0__500___2500 0.146348625422 252.4 -10.7 252.4 22.8 215.3 22.8 215.3 -10.7
P5789__1.0__28600___8500 0.366843968630 457.5 342.0 422.7 368.9 395.3 335.8 430.1 309.0
P1384__1.0__4500___3000 0.103471264243 620.3 214.3 620.3 301.3 559.4 301.3 559.4 214.3
P0130__1.0__128___260 0.243381112814 340.0 13.1 320.9 37.4 296.0 22.7 315.1 -1.6
P0130__1.0__128___260 0.188425466418 428.2 275.0 406.3 288.1 393.2 265.3 415.1 252.2
P0130__1.0__128___260 0.148740932345 429.7 89.2 411.0 106.3 392.2 89.9 410.9 72.8
P2150__1.0__26___480 0.419144958258 210.1 258.2 159.5 316.5 97.0 257.9 147.6 199.7
P2150__1.0__26___480 0.316901326180 146.1 23.7 100.0 75.5 33.7 26.8 79.8 -25.0
P1573__1.0__500___4364 0.224507018924 618.1 468.0 594.0 506.0 562.5 480.3 586.6 442.2
P0146__1.0__1500___0 0.204917788506 450.9 215.9 394.6 284.8 320.9 227.0 377.2 158.1
P1604__1.0__3000___0 0.139989361167 609.0 576.3 574.9 607.9 538.8 563.3 572.8 531.6
P0673__1.0__0___0 0.179787427187 567.5 1.5 500.6 91.4 419.9 33.4 486.7 -56.4
P1474__1.0__1500___1500 0.159721344709 101.7 13.5 101.7 78.3 37.7 78.3 37.7 13.5
P1647__1.0__1000___1500 0.382667750120 313.5 33.0 281.4 65.6 243.2 27.3 275.4 -5.3
P1647__1.0__1000___1500 0.346098184586 347.0 141.4 315.7 160.4 297.8 126.7 329.1 107.8
P1623__1.0__1000___1500 0.127019748092 526.9 23.3 502.6 52.7 477.0 28.4 501.3 -0.9
P1518__1.0__2000___0 0.106332212687 321.6 512.2 291.3 534.3 266.9 492.1 297.3 470.0
P1786__1.0__0___500 0.319070845842 413.5 229.8 328.2 293.1 261.4 198.4 346.8 135.1
P1786__1.0__0___500 0.144544661045 341.6 539.6 341.6 616.8 238.3 616.8 238.3 539.6
P1560__1.0__2500___3400 0.312902212143 67.2 34.8 27.1 59.5 0.8 17.1 40.9 -7.6
P5789__1.0__26000___20500 0.147159293294 506.8 551.9 506.8 595.5 456.2 595.5 456.2 551.9
P1583__1.0__3400___500 0.391949713230 569.3 26.4 534.6 57.3 499.1 17.9 533.8 -13.1
P1541__1.0__1500___2000 0.196637362242 567.1 439.6 537.0 472.9 508.5 445.0 538.6 411.7
P2150__1.0__0___0 0.468026906252 212.1 248.7 146.0 333.8 64.0 267.1 130.1 182.0
P2150__1.0__0___0 0.376648813486 207.3 472.4 127.6 561.7 37.1 498.5 116.8 409.2
P1566__1.0__2000___1500 0.103326812387 606.6 393.2 578.0 412.9 559.4 379.9 588.0 360.2
P0150__1.0__0___12 0.292817175388 442.5 295.0 403.5 349.1 345.2 308.4 384.1 254.3
P1529__1.0__2500___1000 0.202306047082 596.8 510.4 571.3 540.0 543.4 518.0 568.9 488.3
P2197__1.0__1000___0 0.143230229616 615.2 265.2 615.2 362.5 564.8 362.5 564.8 265.2
P1604__1.0__0___2000 0.104479372501 621.0 560.4 573.2 591.7 541.8 523.6 589.6 492.3
P0117__1.0__0___0 0.104735560715 621.4 532.0 521.8 634.0 415.0 534.7 514.6 432.7
P0673__1.0__515___0 0.130934283137 110.0 14.4 37.3 59.9 -1.6 11.9 71.1 -33.6
P3989__1.0__0___424 0.183740660548 121.0 33.5 75.7 75.0 43.3 51.2 88.6 9.7
P2168__1.0__0___0 0.356632173061 604.4 366.4 483.7 435.4 406.7 292.8 527.4 223.8
P5789__1.0__20000___22000 0.154371067882 418.4 18.7 388.3 47.5 362.7 18.1 392.7 -10.7
P1410__1.0__1500___500 0.138535901904 49.7 185.3 20.3 246.5 -30.5 209.7 -1.1 148.4
P1720__1.0__3400___0 0.102644242346 31.1 583.3 13.6 609.0 -11.2 588.4 6.2 562.7
P5789__1.0__28600___10500 0.308237314224 441.6 395.9 416.6 430.6 387.4 408.3 412.4 373.5
P5789__1.0__28600___10500 0.119641758502 383.4 347.1 348.4 365.3 332.9 330.3 367.9 312.0
P5789__1.0__9000___5000 0.374058455229 469.6 142.9 442.2 169.1 416.0 141.4 443.4 115.2
P5789__1.0__9000___5000 0.244654387236 605.4 342.4 571.5 388.3 526.5 349.4 560.3 303.5
P1541__1.0__1500___3000 0.123569607735 608.5 427.1 575.7 460.8 547.8 433.5 580.6 399.7
P0457__1.0__0___281 0.265023291111 432.8 86.2 337.4 185.1 226.9 84.5 322.3 -14.4
P2701__1.0__1000___500 0.151932701468 101.8 569.2 101.8 610.7 45.8 610.7 45.8 569.2
P0150__1.0__122___12 0.319106757641 322.4 299.2 278.2 348.5 225.8 304.5 270.0 255.3
P1410__1.0__3500___500 0.303069025278 575.6 554.4 523.9 613.5 460.4 568.5 512.1 509.4
P1410__1.0__3500___500 0.183779105544 420.2 576.8 381.0 622.2 336.0 594.9 375.2 549.5
P1410__1.0__3500___500 0.143759414554 425.8 501.3 333.6 648.5 219.2 582.4 311.3 435.3
P1573__1.0__2500___1500 0.140463978052 31.5 446.4 11.1 475.3 -12.2 453.0 8.2 424.2
P5789__1.0__28000___2000 0.166199818254 416.5 121.5 374.6 154.2 339.4 107.1 381.3 74.4
P5789__1.0__28000___2000 0.132218047976 606.6 93.5 606.6 141.9 565.5 141.9 565.5 93.5
P0770__1.0__500___758 0.439082771540 258.1 123.7 184.0 196.1 104.6 111.3 178.6 38.9
P0770__1.0__500___758 0.177303254604 94.9 63.0 19.5 138.2 -43.2 67.5 32.3 -7.8
P1732__1.0__2000___3000 0.192402586341 210.5 339.5 188.7 367.8 162.9 345.1 184.7 316.9
P1732__1.0__2000___3000 0.109879501164 602.3 141.8 579.9 161.6 554.5 134.0 576.9 114.3
P1566__1.0__0___0 0.393073648214 129.5 91.4 97.8 121.0 67.4 90.0 99.2 60.4
P0131__1.0__500___500 0.461658984423 329.8 447.4 240.9 515.5 169.6 428.0 258.5 360.0
P0131__1.0__500___500 0.220216214657 357.4 16.7 270.5 112.5 175.3 42.3 262.3 -53.5
P1268__1.0__1500___3020 0.183724254370 80.1 446.4 59.4 480.9 28.6 462.4 49.3 427.9
P0673__1.0__500___0 0.153768971562 126.2 16.0 49.0 64.1 6.0 10.3 83.2 -37.7
P5789__1.0__26000___10000 0.387340039015 536.4 474.1 513.8 511.0 476.3 490.1 498.9 453.2
P5789__1.0__26000___10000 0.103096850216 91.3 21.1 66.5 32.6 49.0 -0.8 73.8 -12.3
P1566__1.0__1000___1500 0.379126489162 384.7 136.5 353.5 165.8 324.1 132.1 355.2 102.9
P1566__1.0__1000___1500 0.356458336115 372.4 72.5 345.2 104.5 312.4 75.8 339.6 43.8
P1566__1.0__0___2000 0.287130266428 606.1 529.5 577.0 548.8 557.9 514.0 587.1 494.7
P5789__1.0__25000___7500 0.343063294888 301.3 33.2 269.9 60.0 239.1 27.9 270.6 1.1
P2413__1.0__1583___1000 0.142593726516 58.4 162.9 58.4 217.4 17.5 217.4 17.5 162.9
P2255__1.0__0___0 0.338127166033 542.9 564.0 508.1 606.8 461.0 568.1 495.9 525.4
P2255__1.0__0___0 0.309792906046 227.1 408.6 186.5 444.6 144.6 396.2 185.2 360.3
P2255__1.0__0___0 0.304186522961 225.7 238.4 187.2 289.7 138.3 246.0 176.8 194.8
P2255__1.0__0___0 0.266998857260 305.1 323.2 264.1 360.9 225.9 313.9 266.8 276.2
P2255__1.0__0___0 0.247092485428 611.0 479.8 578.3 520.7 536.6 484.1 569.3 443.3
P1386__1.0__0___1500 0.143804892898 538.0 455.7 463.8 517.6 409.5 443.1 483.7 381.2
P2408__1.0__1000___1963 0.100982271135 308.6 22.6 252.2 50.4 214.8 -3.4 271.1 -31.2
P1569__1.0__3000___2500 0.111697964370 46.0 -6.3 46.0 34.4 -2.1 34.4 -2.1 -6.3
P1679__1.0__500___2500 0.172601580620 586.9 537.9 558.3 560.6 537.2 530.5 565.7 507.8
P1583__1.0__500___500 0.300195634365 325.1 456.6 298.2 490.3 263.0 460.2 289.9 426.5
P2593__1.0__603___0 0.290277630091 483.8 467.6 386.2 549.2 295.6 447.0 393.2 365.5
P1610__1.0__2500___500 0.334841728210 199.2 62.7 170.5 108.5 124.2 78.0 152.9 32.2
P1560__1.0__1500___0 0.177685633302 64.2 80.8 35.6 110.7 4.5 75.1 33.1 45.3
P1583__1.0__3400___0 0.411419332027 572.3 522.3 534.1 557.2 496.0 514.9 534.2 479.9
P2197__1.0__0___0 0.425558358431 435.2 372.7 335.6 469.8 232.5 358.5 332.0 261.5
P1742__1.0__500___1500 0.317259460688 74.0 151.2 48.4 182.9 18.4 156.8 44.0 125.1
P0770__1.0__500___500 0.448456078768 262.8 374.4 185.3 455.2 100.1 372.8 177.7 291.9
P0770__1.0__500___500 0.190448686481 61.9 285.8 18.6 361.0 -42.4 308.2 0.9 233.0
P0770__1.0__500___500 0.151132062078 222.7 11.0 157.6 55.1 102.3 8.2 167.4 -35.8
P5789__1.0__18500___2500 0.384176194668 278.8 354.4 244.5 391.4 205.8 354.2 240.1 317.3
P5789__1.0__18500___2500 0.365290194750 324.1 482.0 283.9 526.9 240.1 481.9 280.3 437.0
P1315__1.0__3400___1000 0.131727918983 299.5 97.7 261.5 123.5 241.1 91.9 279.1 66.0
P2241__1.0__136___472 0.322604060173 165.9 64.9 83.0 161.1 -9.7 81.7 73.1 -14.6
P1693__1.0__1000___2000 0.380208879709 345.4 563.8 314.4 593.4 283.7 560.8 314.7 531.2
P1410__1.0__2000___3000 0.328211724758 271.3 492.4 166.4 586.7 68.0 478.6 172.9 384.4
P2331__1.0__1000___1000 0.117499411106 445.6 124.6 423.0 146.6 383.7 119.2 406.2 97.2
P1584__1.0__3500___500 0.104712031782 150.7 8.0 124.6 40.8 86.0 12.6 112.1 -20.2
P5789__1.0__14500___10500 0.374142527580 319.2 198.0 283.7 232.9 245.5 198.5 281.0 163.6
P0117__1.0__769___0 0.373389959335 142.4 489.4 96.5 560.5 28.6 515.1 74.4 444.0
P2768__1.0__0___1757 0.157382667065 517.3 189.9 415.4 294.2 310.6 197.2 412.5 92.9
P5789__1.0__5000___20000 0.247537031770 74.4 449.1 32.9 479.8 1.6 435.7 43.1 405.0
P5789__1.0__5000___20000 0.170794725418 175.9 540.6 175.9 599.4 116.2 599.4 116.2 540.6
P1604__1.0__2000___1000 0.384756416082 569.9 560.6 546.3 598.6 506.2 571.3 529.8 533.3
P1604__1.0__2000___1000 0.107467778027 256.2 418.7 218.2 441.3 196.1 401.2 234.0 378.6
P1786__1.0__0___1000 0.126594901085 362.7 82.3 307.2 194.8 217.3 145.0 272.7 32.4
P1786__1.0__0___1000 0.110967434943 661.8 200.2 579.0 294.2 478.3 187.4 561.1 93.4
P1786__1.0__0___1000 0.100886970758 541.4 85.0 541.4 143.0 501.9 143.0 501.9 85.0
P5789__1.0__15000___12000 0.275533467531 619.6 296.6 586.5 325.5 560.9 283.8 593.9 254.9
P1752__1.0__2500___3400 0.133114680648 27.9 381.8 11.2 401.3 -7.7 381.6 9.1 362.1
P1240__1.0__3000___0 0.115156732500 620.0 498.0 620.0 570.2 559.8 570.2 559.8 498.0
P1601__1.0__2000___3000 0.221725746989 402.7 36.1 374.9 55.6 354.7 23.9 382.6 4.4
P1786__1.0__0___3067 0.221829995513 202.5 395.3 202.5 513.5 73.5 513.5 73.5 395.3
P1584__1.0__2500___4000 0.381148606539 262.0 20.5 233.0 65.7 182.1 31.9 211.0 -13.3
P1584__1.0__2500___4000 0.127015128732 32.4 77.8 15.5 103.3 -3.4 85.7 13.4 60.1
P5789__1.0__24000___21000 0.357693374157 568.7 555.7 524.9 586.6 491.7 536.8 535.4 505.9
P0491__1.0__500___1000 0.223118796945 562.7 436.1 421.9 568.3 281.9 414.0 422.7 281.8
P0491__1.0__500___500 0.100407160819 635.8 464.9 635.8 587.3 527.8 587.3 527.8 464.9
P1679__1.0__0___3000 0.151796877384 527.2 529.9 413.3 587.8 356.6 481.6 470.5 423.7
P1647__1.0__1000___1000 0.439042389393 315.3 535.8 272.3 565.7 232.6 509.1 275.6 479.2
P1410__1.0__4000___500 0.221093744040 86.9 523.1 86.9 608.6 -3.5 608.6 -3.5 523.1
P1570__1.0__3400___4000 0.388463884592 132.2 72.1 101.5 101.2 72.6 68.3 103.3 39.1
P1570__1.0__3400___4000 0.165938824415 195.2 41.2 170.1 74.2 136.8 51.1 161.8 18.0
P0382__1.0__483___500 0.111011639237 545.4 13.5 545.4 254.7 298.4 254.7 298.4 13.5
P1577__1.0__0___0 0.240159064531 26.8 306.8 3.9 326.3 -14.3 298.6 8.6 279.0
P1619__1.0__1500___2500 0.120925255120 196.0 64.6 166.9 93.0 135.5 60.4 164.7 32.0
P5789__1.0__11000___4000 0.353437602520 381.5 503.5 347.4 538.7 311.6 501.9 345.7 466.7
P1738__1.0__2000___500 0.331330478191 432.7 333.4 414.3 375.9 371.2 358.2 389.6 315.8
P0150__1.0__0___0 0.282450050116 443.4 305.2 404.7 361.0 344.8 322.5 383.5 266.8
P1570__1.0__3400___3500 0.408468842506 315.7 234.7 285.2 269.6 249.0 234.9 279.5 200.0
P1570__1.0__3400___3500 0.375316321850 131.7 569.4 103.6 601.2 72.8 570.7 100.9 538.9
P1541__1.0__1000___3400 0.223267272115 498.6 360.8 474.0 382.0 450.4 355.7 475.0 334.5
P0491__1.0__1000___500 0.239086881280 321.8 509.6 198.2 648.8 74.3 532.3 197.9 393.2
P1384__1.0__5264___1000 0.227814078331 168.4 49.8 91.5 148.6 -4.8 81.3 72.1 -17.5
P2011__1.0__0___527 0.413395494223 333.5 510.0 239.4 580.3 158.0 476.6 252.1 406.3
P1742__1.0__1500___500 0.311947733164 111.0 444.3 89.0 490.6 45.4 471.9 67.5 425.6
P1742__1.0__1500___500 0.274243086576 211.6 407.6 186.0 452.4 145.0 428.4 170.6 383.6
P1742__1.0__1500___500 0.258957147598 153.4 374.1 121.3 422.0 74.8 389.8 106.9 342.0
P2194__1.0__1000___1000 0.374876856804 317.6 242.3 220.7 355.4 101.9 248.8 198.8 135.7
P2194__1.0__1000___1000 0.207941666245 265.1 562.4 162.8 653.0 59.2 535.6 161.5 445.0
P2194__1.0__1000___1000 0.163885474205 151.2 570.8 151.2 609.4 68.3 609.4 68.3 570.8
P1720__1.0__1000___2500 0.112234815955 590.5 445.6 590.5 493.9 541.2 493.9 541.2 445.6
P5789__1.0__4000___20000 0.120832666755 600.5 12.4 581.1 39.9 555.9 24.2 575.3 -3.4
P1732__1.0__1000___2000 0.343868523836 216.0 71.2 192.7 110.4 155.6 85.0 178.9 45.8
P1581__1.0__3500___3400 0.113033562899 577.6 494.7 539.9 515.0 507.5 470.4 545.2 450.2
P1579__1.0__1000___3400 0.104302234948 605.9 515.7 556.3 545.4 525.9 495.8 575.5 466.1
P5789__1.0__27000___8000 0.141153186560 416.1 386.8 368.1 416.9 339.8 370.1 387.7 340.0
P5789__1.0__26000___21500 0.379610478878 275.8 44.2 246.3 71.6 217.1 40.5 246.6 13.1
P0047__1.0__526___1000 0.358620911837 207.5 353.4 107.0 432.7 27.5 321.5 128.0 242.2
P1786__1.0__0___2500 0.164554581046 102.0 114.9 102.0 265.8 -33.9 265.8 -33.9 114.9
P0047__1.0__500___1567 0.361769348383 247.7 182.1 141.7 272.3 44.0 157.3 150.0 67.1
P1266__1.0__1500___2000 0.111502930522 34.7 403.1 12.9 431.5 -14.4 401.0 7.4 372.7
P1541__1.0__2000___3000 0.164829552174 120.1 434.5 76.0 469.7 44.2 433.5 88.4 398.3
P1598__1.0__1000___3500 0.103252455592 600.1 32.9 575.9 64.2 547.9 35.5 572.1 4.2
P1598__1.0__3400___3000 0.100700862706 337.8 576.5 314.0 608.0 282.2 588.2 306.0 556.7
P4183__1.0__424___0 0.162458226085 607.2 499.8 607.2 560.2 556.5 560.2 556.5 499.8
P4183__1.0__424___0 0.104410357773 574.8 513.1 530.5 569.3 469.0 537.2 513.3 481.0
P1573__1.0__2000___4000 0.284019589424 534.1 558.0 534.1 613.9 461.5 613.9 461.5 558.0
P0117__1.0__500___500 0.462370157242 181.3 159.3 118.5 255.8 22.6 196.6 85.4 100.1
P0117__1.0__500___500 0.280937165022 393.4 -4.8 372.3 54.2 314.5 32.9 335.6 -26.1
P1583__1.0__3000___2500 0.389256298542 355.2 177.4 319.5 210.3 281.5 171.3 317.2 138.3
P1583__1.0__3000___2500 0.383107066154 341.8 9.3 317.4 40.8 286.6 18.4 311.0 -13.1
P0130__1.0__0___0 0.296128451824 358.0 226.6 358.0 265.7 317.0 265.7 317.0 226.6
P0130__1.0__0___0 0.272028118372 300.9 245.8 283.1 263.0 264.6 245.8 282.3 228.7
P0130__1.0__0___0 0.260997921228 463.8 269.2 446.6 294.4 420.6 280.4 437.8 255.2
P0130__1.0__0___0 0.211437970400 300.1 163.5 283.5 184.3 264.8 168.7 281.4 147.9
P0130__1.0__0___0 0.144739985466 556.8 511.2 556.8 548.8 519.6 548.8 519.6 511.2
P0130__1.0__0___0 0.114518508315 358.5 312.3 333.0 332.4 318.2 307.4 343.6 287.3
P0130__1.0__0___0 0.107879467309 556.8 333.6 556.8 366.5 520.3 366.5 520.3 333.6
P1547__1.0__0___0 0.290307879448 63.1 88.9 41.9 105.0 21.8 83.1 43.0 67.0
P2255__1.0__0___231 0.323338091373 541.0 331.6 507.8 372.4 463.1 337.4 496.3 296.6
P2255__1.0__0___231 0.316112816334 616.1 424.0 576.1 453.8 539.6 404.4 579.6 374.7
P2255__1.0__0___231 0.302671581507 305.9 93.5 265.9 132.3 225.7 87.7 265.8 48.9
P2255__1.0__0___231 0.286000370979 227.7 178.7 187.0 217.1 144.5 170.4 185.2 132.1
P2255__1.0__0___231 0.228006348014 610.4 270.0 572.0 303.0 537.4 254.1 575.8 221.0
P2255__1.0__0___231 0.165921539068 225.9 2.9 196.1 52.4 145.1 25.0 174.9 -24.4
P2255__1.0__0___231 0.159254759550 539.2 367.4 426.8 461.0 329.0 315.5 441.5 221.9
P2255__1.0__0___231 0.110081635416 613.3 483.8 545.8 547.9 468.7 479.2 536.2 415.0
P1738__1.0__500___3400 0.362591743469 362.1 11.7 335.8 36.5 306.3 8.4 332.6 -16.3
P1738__1.0__500___3400 0.337964355946 398.8 149.2 378.8 179.7 349.6 159.4 369.6 128.9
P5789__1.0__22000___25000 0.328828275204 500.9 331.4 463.7 362.4 431.4 322.5 468.7 291.5
P5789__1.0__19000___19500 0.306247144938 529.0 415.3 495.0 443.1 467.7 405.8 501.7 378.0
P5789__1.0__19000___19500 0.292186409235 589.1 400.4 551.4 428.8 519.3 389.8 557.1 361.3
P5789__1.0__19000___19500 0.264346480370 505.8 345.9 473.8 387.4 435.3 354.4 467.2 312.9
P0374__1.0__0___500 0.244090542197 497.6 326.8 380.0 462.8 234.8 341.1 352.5 205.1
P5789__1.0__19500___17500 0.125779569149 600.6 113.2 566.2 130.8 547.9 91.1 582.2 73.6
P1601__1.0__2500___3000 0.152921169996 434.6 583.8 404.8 618.9 361.7 588.1 391.5 553.0
P1410__1.0__2000___3500 0.147777929902 261.9 14.3 240.0 74.8 190.1 61.1 212.0 0.5
P1380__1.0__3797___2000 0.141251534224 507.5 125.7 468.5 138.3 456.1 85.6 495.0 72.9
P1647__1.0__0___3400 0.229686483741 31.8 381.5 7.7 401.1 -10.8 374.3 13.2 354.7
P1738__1.0__500___2500 0.159380942583 311.2 382.2 287.6 406.5 269.8 382.3 293.4 357.9
P1283__1.0__0___500 0.136526256800 191.6 586.1 153.0 607.9 125.2 561.4 163.9 539.7
P1474__1.0__2472___1500 0.104663327336 98.3 392.0 47.5 454.8 -7.9 418.5 42.9 355.8
P2241__1.0__0___472 0.334282040596 296.3 70.4 210.2 158.2 123.5 76.3 209.6 -11.6
P1266__1.0__500___2000 0.101925984025 367.9 10.4 342.0 25.7 323.0 2.7 348.9 -12.6
P0199__1.0__572___979 0.110768504441 616.2 508.2 616.2 599.8 507.4 599.8 507.4 508.2
P5789__1.0__13500___3500 0.247244313359 191.2 409.6 163.8 438.8 133.5 410.5 160.8 381.4
P5789__1.0__13500___3500 0.111227601767 81.8 457.5 81.8 515.0 25.9 515.0 25.9 457.5
P5789__1.0__9500___4000 0.171824261546 240.3 431.6 194.5 456.0 171.4 405.1 217.3 380.7
P1566__1.0__0___2500 0.138984754682 601.2 1.2 601.2 42.9 562.5 42.9 562.5 1.2
P2754__1.0__1000___0 0.183466970921 256.2 563.7 232.3 612.3 187.5 592.6 211.4 544.0
P5789__1.0__26500___20000 0.400453776121 594.0 198.0 562.1 234.6 521.6 197.9 553.5 161.4
P5789__1.0__26500___20000 0.347219973803 563.0 54.0 532.9 83.7 506.0 54.4 536.1 24.7
P5789__1.0__26500___20000 0.144009843469 597.0 -4.4 597.0 32.4 550.9 32.4 550.9 -4.4
P1742__1.0__0___2000 0.351980775595 412.5 406.2 382.6 444.8 343.4 413.8 373.3 375.2
P1583__1.0__2500___4371 0.100995838642 428.4 2.7 428.4 42.1 384.2 42.1 384.2 2.7
P1584__1.0__2000___3500 0.395606637001 95.1 288.8 58.0 328.2 14.1 284.1 51.2 244.8
P1584__1.0__2000___3500 0.364158779383 128.4 198.2 94.3 221.7 68.1 182.6 102.2 159.1
P5789__1.0__27000___20000 0.358298510313 92.1 195.6 63.5 236.1 24.9 208.6 53.5 168.1
P5789__1.0__27000___20000 0.323859184980 142.8 42.9 110.5 73.3 77.4 42.1 109.7 11.7
P5789__1.0__27000___20000 0.323164284229 65.5 58.4 33.6 82.6 11.1 49.8 43.0 25.6
P5789__1.0__27000___20000 0.228621169925 175.8 189.3 104.1 257.7 11.8 157.4 83.6 89.0
P7485__1.0__0___424 0.114126719534 243.6 392.4 74.2 504.9 -38.6 347.3 130.8 234.8
P1672__1.0__1500___1000 0.126478388906 231.3 13.5 194.7 32.2 172.0 -1.2 208.5 -20.0
P1586__1.0__2500___2000 0.244331419468 65.2 219.5 65.2 264.4 18.5 264.4 18.5 219.5
P2197__1.0__1500___0 0.311300337315 275.8 548.7 215.9 610.7 151.6 550.0 211.5 488.0
P2197__1.0__1500___0 0.208475232124 275.2 346.7 172.6 398.5 104.7 256.1 207.3 204.3
P1560__1.0__1000___3400 0.374016851187 94.3 443.8 55.1 476.1 22.0 432.5 61.2 400.2
P1570__1.0__1000___2000 0.100095942616 617.8 351.8 617.8 428.4 553.9 428.4 553.9 351.8
P1583__1.0__3400___2500 0.214801281691 566.1 366.5 537.2 396.8 510.9 366.1 539.7 335.7
P5789__1.0__28500___8500 0.372488170862 557.8 343.7 521.7 369.4 494.8 334.2 531.0 308.5
P1266__1.0__2500___1000 0.101080715656 49.9 -10.2 49.9 29.6 1.6 29.6 1.6 -10.2
P5789__1.0__19000___9500 0.247349128127 188.7 491.2 166.3 505.2 151.8 480.0 174.2 466.1
P5789__1.0__19000___9500 0.131980210543 210.5 527.0 176.4 564.1 145.0 516.0 179.1 478.9
P0770__1.0__0___500 0.300562262535 582.1 291.0 491.0 394.8 389.3 312.2 480.4 208.4
P5789__1.0__10500___2500 0.386458009481 413.0 165.9 388.6 191.7 360.4 167.2 384.7 141.3
P5789__1.0__10500___2500 0.384712189436 320.1 193.8 297.2 222.3 268.6 203.3 291.6 174.8
P5789__1.0__10500___2500 0.236801102757 380.1 589.9 353.3 611.0 328.3 583.4 355.1 562.2
P5789__1.0__10500___2500 0.103376351297 422.1 582.7 388.8 606.1 366.2 573.4 399.5 550.0
P5789__1.0__10500___2500 0.101790532470 358.0 204.9 325.2 230.6 301.6 198.6 334.4 173.0
P1786__1.0__2000___2500 0.129714474082 398.4 47.6 326.3 126.4 253.7 68.1 325.7 -10.7
P1786__1.0__2000___2500 0.122897535563 327.8 140.0 308.6 163.6 268.5 127.4 287.6 103.9
P0815__1.0__0___0 0.144171088934 560.5 -9.5 560.5 277.4 267.1 277.4 267.1 -9.5
P1474__1.0__1500___1000 0.129656553268 126.9 489.8 54.0 565.2 -3.8 456.7 69.0 381.3
P2758__1.0__500___0 0.118606917560 83.5 427.5 35.0 438.9 -8.8 279.4 39.7 268.0
P1713__1.0__0___3000 0.132164090872 312.6 5.7 290.9 32.9 268.6 14.7 290.3 -12.5
P5789__1.0__28000___25500 0.371117383242 545.2 44.9 514.3 81.1 475.0 48.1 506.0 11.9
P5789__1.0__28000___25500 0.239506989717 442.6 122.8 411.9 147.1 386.7 113.9 417.5 89.5
P0491__1.0__1000___0 0.263708651066 210.8 279.7 89.8 390.6 -22.3 267.6 98.6 156.8
P0491__1.0__1000___0 0.110171154141 660.4 478.3 558.7 607.0 456.1 508.5 557.8 379.8
P5789__1.0__3000___15500 0.320531100035 608.4 337.5 572.5 364.0 548.0 322.9 583.9 296.3
P5789__1.0__3000___15500 0.208056300879 608.7 368.4 608.7 427.9 555.1 427.9 555.1 368.4
P1650__1.0__3695___0 0.389570057392 507.6 112.3 482.1 136.2 457.2 108.1 482.7 84.2
P1650__1.0__3695___0 0.333632767200 488.3 12.9 467.0 43.3 435.9 23.7 457.2 -6.7
P5789__1.0__27000___3000 0.152323395014 585.4 101.5 562.5 127.5 537.2 103.1 560.1 77.1
P5789__1.0__27000___3000 0.115003079176 593.6 258.1 587.3 282.3 554.5 274.0 560.8 249.8
P5789__1.0__27000___3000 0.101790644228 506.9 9.4 506.9 58.4 456.7 58.4 456.7 9.4
P1560__1.0__2000___3000 0.369871914387 562.1 430.3 522.4 458.7 490.8 414.7 530.5 386.3
P1583__1.0__1500___3000 0.136294573545 416.3 -10.9 416.3 21.8 379.3 21.8 379.3 -10.9
P1471__1.0__2500___0 0.132673710585 91.6 479.8 91.6 580.6 8.1 580.6 8.1 479.8
P0146__1.0__500___0 0.312659233809 566.9 302.2 508.9 400.7 412.6 347.6 470.6 249.0
P5789__1.0__10500___3000 0.410770893097 383.7 102.6 350.4 129.3 325.4 94.4 358.7 67.7
P5789__1.0__10500___3000 0.329200267792 418.4 241.8 387.9 266.2 363.2 235.7 393.7 211.3
P5789__1.0__10500___3000 0.270985245705 455.5 331.9 412.7 346.7 397.1 297.8 439.8 283.0
P5789__1.0__10500___3000 0.235005617142 490.9 471.5 461.9 500.0 435.0 469.4 464.0 440.9
P1610__1.0__3000___3000 0.184792891145 170.5 563.4 146.9 597.9 113.9 577.5 137.6 543.0
P5789__1.0__25000___1500 0.117724537849 607.6 457.5 607.6 522.8 548.0 522.8 548.0 457.5
P1903__1.0__500___500 0.354934036732 302.6 461.5 232.9 533.4 156.1 453.1 225.9 381.2
P1903__1.0__500___500 0.144655525684 606.5 85.3 606.5 127.1 573.0 127.1 573.0 85.3
P2758__1.0__4500___1500 0.106670781970 129.2 583.6 110.9 609.6 75.1 595.6 93.4 569.6
P1566__1.0__1000___1000 0.321481645107 377.9 575.4 345.1 602.8 314.1 565.3 347.0 537.8
P1384__1.0__3500___0 0.103069759905 262.0 529.0 190.2 584.9 117.3 506.8 189.2 450.9
P0117__1.0__500___562 0.450823456049 181.4 97.1 117.2 192.1 22.3 130.7 86.5 35.6
P5789__1.0__16000___11000 0.388065397739 517.1 194.5 485.6 233.6 447.4 202.8 478.9 163.6
P5789__1.0__16000___11000 0.289932101965 466.2 259.3 432.0 286.0 402.4 250.0 436.6 223.3
P5789__1.0__16000___11000 0.288118690252 510.3 308.9 476.6 332.6 454.9 295.4 488.6 271.8
P5789__1.0__16000___11000 0.189386144280 559.3 231.0 533.5 252.9 509.4 229.2 535.2 207.3
P1903__1.0__1000___0 0.262426227331 218.4 546.9 125.9 636.2 33.3 559.1 125.9 469.8
P1903__1.0__0___688 0.428651064634 341.6 217.5 254.2 280.9 182.5 185.9 269.8 122.5
P1903__1.0__0___688 0.416628271341 304.7 437.7 222.2 502.0 154.9 413.5 237.5 349.2
P1584__1.0__2500___3000 0.100234724581 307.7 380.2 260.8 399.8 242.0 360.9 288.9 341.3
P5789__1.0__0___27000 0.143055617809 488.6 214.0 458.8 237.5 435.8 198.5 465.6 175.0
P1577__1.0__1000___1000 0.414948284626 476.6 240.0 440.0 273.4 399.5 228.4 436.2 195.0
P1577__1.0__1000___1000 0.411726981401 416.9 88.1 381.8 117.7 347.4 76.9 382.5 47.2
P5789__1.0__15000___9500 0.177465602756 53.9 423.1 20.0 459.6 -9.3 428.7 24.6 392.1
P1560__1.0__2000___3400 0.319534093142 560.5 36.1 521.2 60.1 492.1 16.5 531.3 -7.5
P5789__1.0__13000___500 0.245711609721 112.1 261.6 79.8 303.1 36.1 270.3 68.3 228.9
P1786__1.0__2000___2000 0.208666220307 392.9 536.3 326.8 619.0 250.3 562.4 316.4 479.7
P5789__1.0__26500___10000 0.278073787689 43.8 468.7 25.4 512.0 -15.7 495.1 2.7 451.7
P1619__1.0__3000___1500 0.288441568613 297.4 15.6 265.6 36.9 242.5 4.0 274.3 -17.3
P5789__1.0__28000___12500 0.177986666560 265.0 451.2 236.7 471.8 212.4 441.4 240.8 420.8
P5789__1.0__9500___5000 0.401875436306 321.7 286.8 297.5 328.9 250.8 301.2 275.0 259.1
P5789__1.0__9500___5000 0.257417798042 121.0 330.9 85.9 380.5 35.7 344.7 70.8 295.1
P5789__1.0__9500___5000 0.131077334285 213.7 261.6 180.9 285.4 158.3 246.6 191.1 222.8
P1410__1.0__2500___3000 0.322454810143 380.7 468.1 281.9 571.7 182.5 478.8 281.3 375.1
P1577__1.0__1500___0 0.399349361658 63.3 459.5 32.7 483.6 5.2 447.9 35.8 423.9
P1570__1.0__3000___4000 0.388209372759 528.0 72.7 497.1 101.5 468.7 67.7 499.6 39.0
P1570__1.0__3000___4000 0.103724285960 589.4 41.7 563.1 71.4 534.8 50.4 561.1 20.8
P1742__1.0__1500___2500 0.314620345831 320.0 321.8 293.5 357.0 260.1 330.9 286.7 295.7
P1742__1.0__1500___2500 0.158794716001 311.2 425.4 289.9 448.6 269.6 427.4 291.0 404.1
P1742__1.0__1500___2500 0.128171771765 277.8 383.8 257.3 409.6 230.2 387.7 250.7 361.9
P1529__1.0__1000___500 0.100760437548 596.4 262.1 596.4 301.6 559.9 301.6 559.9 262.1
P0150__1.0__122___0 0.309298813343 321.4 309.4 280.6 359.1 227.0 318.5 267.8 268.8
P5789__1.0__16500___8000 0.237317129970 430.4 219.3 393.9 238.3 374.8 202.4 411.3 183.4
P2286__1.0__1500___0 0.112904250622 504.4 202.2 454.7 255.9 371.4 185.0 421.0 131.3
P1604__1.0__0___2500 0.133081138134 613.5 75.7 571.0 101.9 542.1 17.2 584.6 -9.0
P1586__1.0__500___2000 0.139041513205 262.8 21.5 235.8 35.2 221.9 6.6 248.9 -7.2
P1643__1.0__3400___3400 0.380917638540 427.2 120.2 389.5 156.0 352.2 115.6 390.0 79.8
P1604__1.0__2500___1000 0.397589623928 73.3 563.2 45.2 594.7 10.2 561.5 38.3 530.0
P1604__1.0__3000___2500 0.113472253084 603.3 384.1 583.0 393.2 570.0 356.8 590.4 347.8
P0047__1.0__526___1567 0.349926412106 221.8 182.9 113.2 269.8 21.9 156.2 130.5 69.3
P1604__1.0__2500___1500 0.421663135290 71.4 67.7 44.8 96.2 13.3 64.6 40.0 36.1
P2593__1.0__500___0 0.273813277483 580.6 466.3 492.1 541.1 406.4 448.1 495.0 373.3
P1573__1.0__1000___4364 0.327431321144 133.4 461.8 107.1 501.4 70.8 479.3 97.1 439.7
P5789__1.0__28600___14500 0.119120113552 532.8 66.8 509.8 84.6 494.6 64.8 517.6 47.0
P0491__1.0__1500___1166 0.170430436730 360.8 150.4 258.2 288.0 123.2 171.9 225.8 34.3
P1679__1.0__1000___3000 0.302219331264 90.8 323.3 49.9 354.9 16.9 305.4 57.7 273.9
P1679__1.0__1000___3000 0.204584181309 91.4 37.1 60.3 64.5 32.9 31.5 64.0 4.2
P1643__1.0__2500___3000 0.411491304636 350.7 281.8 323.4 312.1 294.3 282.7 321.6 252.3
P1643__1.0__2500___3000 0.396517902613 236.8 82.6 209.9 117.8 175.9 90.4 202.7 55.2
P1643__1.0__2500___3000 0.396273553371 261.1 234.2 231.8 268.9 199.6 242.7 228.8 208.0
P1643__1.0__2500___3000 0.345549672842 346.3 472.3 306.1 511.9 265.6 467.9 305.8 428.4
P1542__1.0__1500___500 0.118652224541 41.5 -7.1 41.5 26.5 -5.9 26.5 -5.9 -7.1
P1759__1.0__1500___2000 0.182564586401 82.9 450.7 55.6 475.9 34.2 450.3 61.5 425.1
P1759__1.0__1500___2000 0.106534585357 40.4 33.4 7.6 63.8 -21.2 26.1 11.6 -4.3
