P2721__1.0__0___1000 0.156950727105 394.1 -5.5 394.1 17.9 345.5 17.9 345.5 -5.5
P1410__1.0__1000___500 0.223681062460 226.2 118.1 111.4 320.4 -68.7 180.7 46.1 -21.6
P0146__1.0__2000___500 0.230531573296 222.2 379.0 117.8 591.1 -64.3 502.5 40.1 290.4
P0146__1.0__2000___500 0.132945448160 320.9 95.2 182.6 377.8 -42.6 249.7 95.7 -32.9
P1508__1.0__500___1500 0.101621590555 481.5 181.8 481.5 733.6 -5.7 733.6 -5.7 181.8
P2722__1.0__2000___1000 0.189951524138 172.8 18.2 147.6 42.7 133.9 27.6 159.2 3.2
P2375__1.0__500___0 0.252195626497 421.3 615.6 328.8 643.7 286.8 533.2 379.4 505.0
P2404__1.0__3000___0 0.124446973205 141.4 572.8 141.4 614.6 77.8 614.6 77.8 572.8
P2404__1.0__3000___0 0.120197296143 178.7 531.2 178.7 608.3 145.2 608.3 145.2 531.2
P2404__1.0__3000___0 0.117277801037 222.1 523.4 222.1 608.6 173.5 608.6 173.5 523.4
P1474__1.0__1500___2000 0.262666910887 361.0 603.9 239.9 627.1 202.7 425.3 323.7 402.1
P0047__1.0__0___0 0.181090608239 515.0 459.6 515.0 608.1 312.5 608.1 312.5 459.6
P2718__1.0__1000___1500 0.177264645696 300.2 -20.0 300.2 39.6 167.4 39.6 167.4 -20.0
P1518__1.0__3400___1000 0.157340183854 451.2 355.5 413.0 375.4 393.6 353.6 431.9 333.8
P3106__1.0__0___424 0.113460369408 648.6 447.2 503.1 618.6 340.1 467.4 485.6 296.0
P2547__1.0__500___1825 0.347082495689 432.5 15.9 432.5 67.8 323.6 67.8 323.6 15.9
P2502__1.0__0___0 0.183693826199 402.9 440.2 318.2 575.6 209.3 523.1 294.1 387.7
P2502__1.0__0___0 0.113915577531 634.3 536.9 575.4 554.6 546.3 402.5 605.2 384.8
P2502__1.0__0___0 0.109116621315 598.9 113.4 504.0 196.1 374.2 50.1 469.1 -32.6
P2722__1.0__1500___1000 0.151192352176 43.3 377.8 19.7 388.0 -0.1 329.6 23.5 319.4
P2721__1.0__500___1500 0.186057910323 595.5 97.4 595.5 106.9 544.3 106.9 544.3 97.4
P2721__1.0__500___1500 0.162996426225 44.6 210.0 44.6 282.2 -9.2 282.2 -9.2 210.0
P2768__1.0__500___1757 0.130429714918 218.4 3.0 218.4 41.3 186.1 41.3 186.1 3.0
P1410__1.0__2500___4000 0.254928827286 607.3 466.7 607.3 584.9 459.8 584.9 459.8 466.7
P1410__1.0__2500___4000 0.213034063578 342.3 529.9 342.3 626.1 229.2 626.1 229.2 529.9
P2570__1.0__500___865 0.281032055616 511.5 -50.9 511.5 302.8 285.0 302.8 285.0 -50.9
P2570__1.0__500___865 0.241280585527 633.9 12.2 633.9 207.8 514.1 207.8 514.1 12.2
P2724__1.0__2000___1500 0.330897420645 509.6 549.8 509.6 598.6 462.5 598.6 462.5 549.8
P2724__1.0__2000___1500 0.243230968714 390.2 581.5 371.4 597.4 357.8 567.1 376.6 551.3
P1750__1.0__0___3400 0.108381919563 581.8 -11.3 581.8 30.0 517.6 30.0 517.6 -11.3
P1410__1.0__3500___4000 0.157418444753 87.2 550.0 87.2 597.9 12.4 597.9 12.4 550.0
P2541__1.0__2000___1000 0.299346983433 168.4 325.3 128.5 390.2 51.9 366.9 91.8 302.0
P2547__1.0__500___1500 0.443845361471 429.0 333.6 429.0 398.7 334.2 398.7 334.2 333.6
P0146__1.0__2091___1000 0.110041037202 141.7 49.6 71.9 214.2 -81.5 152.6 -11.7 -11.9
P1410__1.0__3500___4500 0.152228504419 110.4 54.8 110.4 269.1 -34.6 269.1 -34.6 54.8
P2563__1.0__1307___0 0.357559084892 481.6 246.1 277.7 518.5 43.7 285.0 247.7 12.6
P2721__1.0__1500___1853 0.116858214140 327.9 29.5 307.6 48.4 298.6 37.7 318.9 18.8
P4183__1.0__0___0 0.116542875767 486.0 225.9 468.7 238.4 439.7 219.3 457.0 206.8
P1432__1.0__1500___1000 0.159080654383 245.3 -5.7 245.3 145.6 86.3 145.6 86.3 -5.7
P2241__1.0__136___0 0.119469046593 330.6 472.1 330.6 596.2 153.3 596.2 153.3 472.1
P2378__1.0__0___500 0.175642266870 602.5 381.8 514.2 452.2 402.9 359.9 491.2 289.5
P6661__1.0__424___0 0.121102884412 600.0 283.3 600.0 327.6 563.3 327.6 563.3 283.3
P6661__1.0__424___0 0.105970963836 577.0 10.9 577.0 33.3 545.4 33.3 545.4 10.9
P2563__1.0__1000___0 0.156094193459 740.5 60.8 740.5 471.6 384.2 471.6 384.2 60.8
P2563__1.0__1000___0 0.123071119189 310.9 408.3 310.9 563.6 188.6 563.6 188.6 408.3
P2724__1.0__3500___500 0.111128330231 96.1 136.9 96.1 171.1 76.3 171.1 76.3 136.9
P0131__1.0__0___680 0.285847574472 617.9 1.9 617.9 209.8 386.0 209.8 386.0 1.9
P2502__1.0__500___1500 0.372115015984 212.9 354.2 159.8 393.4 94.2 360.9 147.2 321.8
P2502__1.0__500___1500 0.153780609369 84.7 326.9 10.9 354.8 -17.5 269.1 56.2 241.2
P1596__1.0__0___1500 0.180358916521 647.2 416.1 556.3 504.3 438.0 379.7 528.9 291.4
P5789__1.0__9500___4500 0.124005556107 272.1 592.2 171.8 627.3 116.4 436.8 216.8 401.7
P1432__1.0__1000___2000 0.165653154254 608.1 494.5 608.1 596.9 531.3 596.9 531.3 494.5
P1471__1.0__2000___500 0.172282263637 448.9 360.7 448.9 635.2 251.3 635.2 251.3 360.7
P1596__1.0__500___1500 0.136271327734 154.6 428.5 66.6 511.3 -61.2 366.6 26.9 283.7
P2595__1.0__0___500 0.146604135633 386.4 436.9 386.4 623.2 121.5 623.2 121.5 436.9
P1584__1.0__2000___4000 0.101235516369 515.0 138.1 487.7 147.5 473.9 112.9 501.2 103.5
P1376__1.0__3000___0 0.116096459329 423.4 36.0 365.8 51.1 333.1 23.9 390.6 8.9
P0770__1.0__1010___500 0.109964780509 261.4 464.9 102.3 678.3 -72.9 537.0 86.1 323.7
P3107__1.0__0___0 0.172366172075 523.0 199.3 509.5 221.6 496.7 214.0 510.2 191.8
P5789__1.0__25000___6500 0.139122068882 553.8 26.3 423.4 69.0 354.1 0.7 484.5 -42.0
P1456__1.0__0___500 0.130297005177 620.3 305.0 620.3 586.7 463.6 586.7 463.6 305.0
P1269__1.0__2000___1500 0.125922217965 579.2 86.5 502.1 194.8 441.1 149.9 518.2 41.7
P1314__1.0__3400___2000 0.135355234146 202.1 -15.1 202.1 34.6 80.9 34.6 80.9 -15.1
P2197__1.0__500___500 0.160102874041 384.6 -19.9 384.6 151.4 235.1 151.4 235.1 -19.9
P1342__1.0__500___2000 0.133830145001 278.4 337.4 172.0 382.7 110.2 235.4 216.6 190.1
P2724__1.0__1000___1500 0.182230666280 596.6 13.4 563.8 40.1 534.8 14.1 567.6 -12.6
P2724__1.0__1000___1500 0.145136058331 611.3 252.4 575.8 270.2 546.3 199.9 581.8 182.0
P1315__1.0__500___1000 0.157524555922 245.9 356.4 245.9 415.2 133.6 415.2 133.6 356.4
P1315__1.0__500___1000 0.130972385406 364.4 504.4 364.4 588.0 319.5 588.0 319.5 504.4
P1315__1.0__500___1000 0.106225349009 379.6 245.4 379.6 301.8 280.1 301.8 280.1 245.4
P2592__1.0__500___500 0.235767662525 672.5 38.3 454.3 326.6 221.7 132.8 439.9 -155.4
P2194__1.0__1000___0 0.110850006342 150.4 422.7 150.4 515.7 92.2 515.7 92.2 422.7
P0131__1.0__500___680 0.204905256629 114.0 16.3 114.0 187.4 -38.4 187.4 -38.4 16.3
P2714__1.0__1000___1500 0.214656069875 263.6 131.6 263.6 184.3 235.3 184.3 235.3 131.6
P2714__1.0__1000___1500 0.199243023992 204.4 176.1 192.9 197.9 175.6 189.2 187.1 167.4
P2714__1.0__1000___1500 0.145972266793 342.3 465.2 342.3 499.4 318.0 499.4 318.0 465.2
P2570__1.0__500___500 0.399383276701 540.6 292.6 540.6 671.6 255.7 671.6 255.7 292.6
P2570__1.0__500___500 0.288981854916 642.4 371.5 642.4 576.4 505.7 576.4 505.7 371.5
P2570__1.0__500___500 0.177520886064 406.7 -57.6 406.7 325.5 133.7 325.5 133.7 -57.6
P2570__1.0__500___500 0.118450209498 613.8 49.4 613.8 266.6 526.4 266.6 526.4 49.4
P1332__1.0__3000___0 0.170853480697 313.3 -2.9 313.3 23.0 275.3 23.0 275.3 -2.9
P1373__1.0__2000___2500 0.231231808662 164.0 175.1 108.1 210.7 39.4 92.1 95.3 56.6
P2721__1.0__500___1853 0.289865195751 238.5 282.2 238.5 323.2 214.6 323.2 214.6 282.2
P2721__1.0__500___1853 0.286394894123 461.0 360.5 461.0 419.0 432.2 419.0 432.2 360.5
P2721__1.0__500___1853 0.167871728539 259.3 291.3 259.3 321.5 240.6 321.5 240.6 291.3
P2721__1.0__3000___1000 0.132887229323 364.4 384.0 339.2 404.3 327.1 388.8 352.3 368.5
P2582__1.0__500___0 0.154082864523 104.2 519.3 104.2 612.3 -4.7 612.3 -4.7 519.3
P2375__1.0__500___500 0.268481910229 436.0 150.0 327.7 188.6 272.7 14.6 380.9 -24.0
P2194__1.0__1000___500 0.103052541614 137.7 -10.9 137.7 24.1 97.8 24.1 97.8 -10.9
P1432__1.0__2787___1500 0.174375504255 131.5 -9.7 131.5 69.6 7.9 69.6 7.9 -9.7
P2718__1.0__2500___1000 0.170211181045 143.5 559.3 133.7 569.9 115.4 557.3 125.3 546.6
P2718__1.0__2500___1000 0.106558889151 161.6 406.1 161.6 422.8 129.5 422.8 129.5 406.1
P0130__1.0__128___0 0.152074396610 371.1 471.1 323.5 542.4 281.7 444.7 329.2 373.4
P0770__1.0__1010___758 0.103328950703 280.9 219.9 85.4 439.8 -99.6 262.0 95.9 42.2
P5789__1.0__25000___6000 0.156723380089 570.6 506.0 420.4 571.2 346.8 499.0 497.0 433.9
P2011__1.0__260___500 0.106015019119 87.4 29.4 87.4 157.5 -28.5 157.5 -28.5 29.4
P1463__1.0__2000___1500 0.283451616764 634.8 308.6 542.2 501.5 369.8 382.0 462.4 189.1
P3032__1.0__424___0 0.134726271033 368.9 41.4 350.1 43.2 345.9 19.7 364.8 17.8
P2580__1.0__0___500 0.312082469463 663.9 455.1 505.9 590.2 373.1 372.0 531.1 236.9
P2580__1.0__0___500 0.173885747790 588.1 98.1 408.1 264.0 265.3 104.3 445.3 -61.5
P1492__1.0__500___500 0.106934823096 516.7 62.3 516.7 573.5 144.1 573.5 144.1 62.3
P10733__1.0__424___424 0.100724287331 572.6 497.0 572.6 531.7 543.3 531.7 543.3 497.0
P0143__1.0__152___0 0.164388701320 289.7 279.9 289.7 441.8 202.9 441.8 202.9 279.9
P2993__1.0__0___0 0.259117782116 266.0 280.2 255.8 305.7 235.1 300.7 245.4 275.2
P2993__1.0__0___0 0.162438333035 263.5 340.9 263.5 360.4 212.8 360.4 212.8 340.9
P2194__1.0__500___1500 0.220195949078 379.6 -30.9 379.6 202.9 216.4 202.9 216.4 -30.9
P3107__1.0__424___0 0.179911553860 98.3 199.5 85.1 220.6 73.5 213.6 86.8 192.5
P3107__1.0__424___0 0.127900123596 176.8 207.5 169.0 227.0 155.2 222.0 163.0 202.4
P0131__1.0__936___0 0.164551511407 166.3 278.8 166.3 358.1 116.6 358.1 116.6 278.8
P0131__1.0__936___0 0.156259447336 44.5 275.3 44.5 368.5 -1.3 368.5 -1.3 275.3
P2582__1.0__500___500 0.238332465291 587.6 314.0 395.7 675.2 99.1 504.7 290.9 143.4
P2582__1.0__500___500 0.151152342558 695.8 102.7 590.7 277.9 421.7 171.5 526.7 -3.7
P1315__1.0__500___0 0.221349954605 289.3 557.3 289.3 614.9 162.6 614.9 162.6 557.3
P2721__1.0__3939___1853 0.225953534245 421.6 278.4 391.6 292.1 367.0 229.4 397.1 215.7
P1384__1.0__1500___500 0.281229346991 629.1 324.2 629.1 479.2 534.1 479.2 534.1 324.2
P1384__1.0__1500___500 0.164342388511 612.1 94.2 612.1 285.5 543.6 285.5 543.6 94.2
P1384__1.0__1500___500 0.151600688696 496.4 249.0 456.4 449.6 301.2 393.5 341.2 193.0
P1315__1.0__0___1500 0.108694024384 604.6 15.5 604.6 116.7 574.9 116.7 574.9 15.5
P0770__1.0__0___0 0.168783694506 625.7 498.1 584.2 633.7 497.9 624.4 539.4 488.7
P2718__1.0__1000___1000 0.154071688652 239.7 138.3 228.2 158.2 157.1 115.7 168.6 95.7
P2718__1.0__1000___1000 0.104146704078 91.0 356.3 91.0 383.4 72.4 383.4 72.4 356.3
P2721__1.0__500___500 0.131103679538 480.3 67.3 480.3 96.7 467.0 96.7 467.0 67.3
P1373__1.0__1500___500 0.316465467215 244.7 580.8 216.4 611.8 183.8 582.7 212.2 551.8
P1752__1.0__1000___3400 0.118564695120 458.9 224.5 458.9 395.7 305.4 395.7 305.4 224.5
P2342__1.0__0___1500 0.163979902864 149.2 180.7 114.0 266.1 61.8 232.4 97.0 147.1
P2587__1.0__0___500 0.150552898645 626.8 486.7 499.7 636.1 361.9 492.4 489.0 343.0
P1903__1.0__1346___500 0.112053230405 62.9 -11.0 62.9 39.1 -26.8 39.1 -26.8 -11.0
P2011__1.0__260___527 0.119115538895 203.7 22.6 203.7 245.1 -72.2 245.1 -72.2 22.6
P1184__1.0__500___5500 0.190148413181 451.8 57.6 412.4 155.8 296.4 112.9 335.8 14.7
P2678__1.0__3500___0 0.117563828826 485.6 528.4 421.7 564.7 366.2 475.5 430.1 439.2
P2718__1.0__1500___1846 0.359353095293 510.1 280.6 477.4 299.0 446.0 277.9 478.7 259.5
P7746__1.0__0___424 0.351233631372 494.0 -2.6 494.0 38.3 462.1 38.3 462.1 -2.6
P7746__1.0__0___424 0.123034901917 230.5 333.0 230.5 343.1 189.5 343.1 189.5 333.0
P1410__1.0__4736___2500 0.446291893721 321.6 1.0 321.6 338.7 34.7 338.7 34.7 1.0
P2194__1.0__1116___1500 0.448989629745 537.0 117.6 537.0 381.9 323.1 381.9 323.1 117.6
P2455__1.0__500___1500 0.108979001641 616.6 387.3 616.6 608.3 467.1 608.3 467.1 387.3
P1184__1.0__1500___3500 0.104587115347 651.8 289.2 586.8 428.8 488.1 328.7 553.2 189.0
P1432__1.0__1500___500 0.260865002871 239.5 427.4 239.5 615.8 92.1 615.8 92.1 427.4
P1732__1.0__1000___1500 0.137520700693 293.9 457.8 227.2 515.3 111.5 362.0 178.2 304.5
P2504__1.0__1020___0 0.343822866678 364.5 446.8 306.2 469.6 280.6 389.1 338.9 366.3
P2504__1.0__1020___0 0.226092815399 219.9 582.4 141.4 619.3 95.5 478.1 174.0 441.1
P2194__1.0__1000___1572 0.397168010473 631.9 67.7 631.9 287.8 452.5 287.8 452.5 67.7
P1903__1.0__0___0 0.109108239412 660.6 248.8 558.7 550.7 352.2 489.5 454.1 187.7
P2718__1.0__2000___1500 0.174488559365 40.7 199.9 9.5 217.4 -12.5 163.9 18.7 146.3
P2724__1.0__1000___500 0.235103517771 142.7 332.8 132.4 341.9 110.6 320.9 120.8 311.8
P2724__1.0__1000___500 0.206319063902 126.0 480.4 126.0 523.6 100.0 523.6 100.0 480.4
P1315__1.0__2500___2500 0.164362832904 460.6 324.5 460.6 399.7 318.9 399.7 318.9 324.5
P2385__1.0__0___0 0.111183404922 103.9 440.4 103.9 467.8 83.2 467.8 83.2 440.4
P1456__1.0__2500___500 0.109198026359 457.7 476.0 457.7 623.7 194.2 623.7 194.2 476.0
P2408__1.0__1000___1500 0.179630458355 336.8 496.3 229.1 528.2 163.6 315.8 271.3 283.9
P2408__1.0__1000___1500 0.111963309348 369.3 597.7 315.4 621.9 282.7 557.8 336.6 533.7
P2754__1.0__2500___500 0.138071313500 270.1 571.3 258.4 609.4 221.8 600.6 233.4 562.5
P2570__1.0__1000___865 0.262288510799 309.5 20.0 309.5 216.0 182.7 216.0 182.7 20.0
P2570__1.0__1000___865 0.196237161756 144.2 7.7 144.2 211.8 4.0 211.8 4.0 7.7
P2570__1.0__1000___865 0.148209482431 576.6 14.9 576.6 61.2 403.6 61.2 403.6 14.9
P2580__1.0__313___1000 0.121578805149 222.1 37.1 111.7 104.8 38.0 14.0 148.5 -53.7
P2722__1.0__3000___1000 0.162915110588 586.0 483.6 586.0 535.9 545.8 535.9 545.8 483.6
P2722__1.0__3000___1000 0.108423903584 579.3 544.8 560.4 549.6 555.6 531.9 574.5 527.1
P2721__1.0__3500___1000 0.173024967313 290.7 353.7 290.7 386.8 272.4 386.8 272.4 353.7
P2721__1.0__3500___1000 0.143348798156 118.5 1.1 118.5 75.0 86.0 75.0 86.0 1.1
P2595__1.0__0___0 0.121797829866 621.9 362.6 621.9 577.2 549.8 577.2 549.8 362.6
P2582__1.0__1098___1000 0.123956233263 248.2 53.2 146.6 212.7 -11.9 69.9 89.6 -89.6
P1410__1.0__2500___5000 0.135195091367 604.3 336.4 604.3 530.9 399.3 530.9 399.3 336.4
P1410__1.0__2500___5000 0.124754913151 479.7 191.8 313.5 442.7 117.7 305.6 283.8 54.7
P0047__1.0__0___500 0.229713276029 517.2 -20.5 517.2 280.0 238.2 280.0 238.2 -20.5
P2721__1.0__3939___1500 0.273477494717 419.9 598.5 390.0 617.2 360.5 581.1 390.4 562.4
P1456__1.0__0___1500 0.108961753547 601.4 -17.3 601.4 36.7 474.4 36.7 474.4 -17.3
P2121__1.0__0___0 0.150036752224 515.5 377.7 515.5 634.8 240.6 634.8 240.6 377.7
P1508__1.0__0___3131 0.106471702456 687.3 78.2 687.3 605.3 188.7 605.3 188.7 78.2
P1586__1.0__3400___2000 0.267566740513 415.2 46.9 365.7 113.3 285.3 36.6 334.8 -29.8
P1586__1.0__3400___2000 0.116787672043 317.8 127.3 252.4 194.1 142.6 83.8 208.0 17.0
P5789__1.0__18500___3000 0.150904715061 470.4 186.7 322.2 232.9 270.0 154.5 418.2 108.3
P2582__1.0__1098___0 0.202375218272 506.8 522.8 368.9 660.1 210.8 552.6 348.7 415.3
P2582__1.0__1098___0 0.153939545155 236.0 431.5 126.2 637.4 -54.7 514.5 55.1 308.6
P1463__1.0__2500___1500 0.277431398630 311.4 373.2 218.4 580.3 29.8 468.9 122.8 261.7
P2570__1.0__0___0 0.268287599087 619.7 144.7 619.7 371.3 512.0 371.3 512.0 144.7
P2570__1.0__0___0 0.156396582723 595.2 472.9 595.2 611.1 520.9 611.1 520.9 472.9
P2768__1.0__861___1757 0.121811307967 51.5 242.3 51.5 274.2 32.1 274.2 32.1 242.3
P2768__1.0__861___1757 0.118248060346 46.5 -7.4 46.5 43.6 13.1 43.6 13.1 -7.4
P1650__1.0__1500___1500 0.157656535506 172.0 239.3 102.8 358.6 -0.3 260.0 68.8 140.7
P2714__1.0__500___1000 0.103995896876 63.8 164.5 63.8 176.8 27.8 176.8 27.8 164.5
P2714__1.0__2000___1850 0.251856803894 266.2 137.0 266.2 178.2 241.0 178.2 241.0 137.0
P2714__1.0__2000___1850 0.148723915219 482.5 511.9 482.5 547.7 455.8 547.7 455.8 511.9
P2714__1.0__2000___1850 0.133075520396 90.2 8.1 90.2 28.8 41.1 28.8 41.1 8.1
P1786__1.0__500___3067 0.223326116800 351.7 -40.9 351.7 172.4 91.9 172.4 91.9 -40.9
P0882__1.0__398___500 0.108930192888 449.7 520.1 449.7 603.7 386.0 603.7 386.0 520.1
P2378__1.0__500___500 0.111830525100 85.1 415.7 10.8 434.6 -17.1 340.6 57.3 321.7
P1584__1.0__1500___3500 0.158325299621 386.5 135.2 252.3 221.1 154.6 125.7 288.8 39.8
P2542__1.0__500___1000 0.135513201356 286.8 54.9 211.7 176.5 109.5 116.3 184.5 -5.3
P2721__1.0__500___1000 0.206840187311 484.4 321.4 458.6 335.6 432.6 284.0 458.3 269.8
P2721__1.0__500___1000 0.102689117193 205.1 8.4 205.1 27.7 181.5 27.7 181.5 8.4
P1432__1.0__1500___2500 0.124398738146 143.4 93.0 90.1 228.3 -2.5 148.7 50.8 13.3
P1410__1.0__4500___1000 0.120468154550 75.3 441.3 75.3 594.2 -16.0 594.2 -16.0 441.3
P0131__1.0__0___0 0.134033724666 608.8 425.7 608.8 609.8 354.8 609.8 354.8 425.7
P2718__1.0__2000___0 0.105338923633 342.8 127.2 342.8 149.9 300.8 149.9 300.8 127.2
P0385__1.0__276___285 0.268024146557 645.0 393.4 490.1 590.4 318.8 392.9 473.7 195.9
P2449__1.0__0___1500 0.149404823780 95.3 521.8 95.3 594.2 -11.4 594.2 -11.4 521.8
P0146__1.0__1000___500 0.150468960404 639.2 416.7 639.2 603.2 508.4 603.2 508.4 416.7
P5316__1.0__0___0 0.149794638157 559.9 454.4 559.9 485.4 532.6 485.4 532.6 454.4
P1650__1.0__1000___1500 0.119816608727 627.6 311.8 565.4 357.1 527.3 244.5 589.5 199.2
P2721__1.0__1500___1500 0.262089490891 311.5 200.0 300.6 207.6 282.6 188.2 293.6 180.6
P2721__1.0__1500___1500 0.127121150494 447.7 249.6 437.1 256.4 420.5 235.9 431.1 229.1
P2194__1.0__1116___500 0.124726772308 25.8 -9.6 25.8 29.4 1.5 29.4 1.5 -9.6
P1679__1.0__500___3000 0.155565366149 411.7 191.0 315.5 283.3 241.3 222.2 337.5 129.9
P2768__1.0__500___1000 0.114979475737 372.7 202.0 372.7 226.5 344.2 226.5 344.2 202.0
P2768__1.0__500___1500 0.123308889568 255.3 256.3 255.3 299.9 205.3 299.9 205.3 256.3
P2724__1.0__0___0 0.113140515983 472.7 569.1 472.7 578.5 426.8 578.5 426.8 569.1
P1410__1.0__2500___4500 0.192991450429 430.1 -2.8 430.1 262.9 206.1 262.9 206.1 -2.8
P2194__1.0__0___1000 0.541605889797 363.3 439.8 246.7 602.5 122.4 474.2 239.0 311.6
P2194__1.0__0___1000 0.154185563326 294.0 553.3 294.0 626.4 165.6 626.4 165.6 553.3
P1456__1.0__0___1000 0.118144832551 700.6 72.2 700.6 419.7 399.2 419.7 399.2 72.2
P2721__1.0__2500___500 0.150432139635 189.0 210.6 189.0 249.7 165.6 249.7 165.6 210.6
P1356__1.0__2000___1000 0.115411140025 574.9 538.5 454.8 609.3 381.4 521.6 501.6 450.8
P2194__1.0__0___1500 0.246994242072 350.9 -26.8 350.9 190.3 108.8 190.3 108.8 -26.8
P1410__1.0__4000___2000 0.386342525482 545.6 69.6 433.5 293.1 259.6 180.6 371.7 -42.9
P1410__1.0__4000___2000 0.226257324219 424.3 456.9 424.3 602.8 211.5 602.8 211.5 456.9
P1410__1.0__4000___2000 0.137803792953 593.1 475.2 593.1 600.5 466.4 600.5 466.4 475.2
P2582__1.0__0___500 0.320937395096 589.9 134.6 428.6 458.3 152.7 299.6 314.0 -24.1
P1732__1.0__3682___1000 0.119200468063 241.3 274.5 169.0 301.5 122.1 122.7 194.4 95.6
P4772__1.0__424___424 0.116751991212 475.6 424.4 475.6 451.0 433.4 451.0 433.4 424.4
P1432__1.0__1000___2500 0.210503786802 617.2 29.8 617.2 205.7 514.6 205.7 514.6 29.8
P2721__1.0__2500___1000 0.190773740411 270.9 230.2 244.9 250.9 204.5 206.9 230.4 186.2
P2502__1.0__0___1500 0.135227084160 603.3 285.0 536.4 366.3 386.6 303.6 453.5 222.3
P2197__1.0__1000___1089 0.218429669738 649.9 101.4 649.9 358.4 417.7 358.4 417.7 101.4
P2724__1.0__3000___1500 0.167382702231 152.4 416.7 123.0 424.5 107.5 395.6 136.8 387.8
P2582__1.0__1000___1000 0.109009921551 347.0 57.4 242.7 214.7 81.1 65.8 185.4 -91.5
P1643__1.0__3400___3000 0.102409370244 294.3 560.9 241.7 594.4 206.0 523.4 258.6 490.0
P1410__1.0__1000___0 0.212956801057 445.2 421.2 332.2 691.6 96.9 589.0 209.8 318.5
P2598__1.0__500___0 0.103383973241 577.6 343.9 577.6 668.1 274.5 668.1 274.5 343.9
P2197__1.0__500___1089 0.117545850575 360.8 15.1 360.8 148.9 131.6 148.9 131.6 15.1
P1410__1.0__4000___1500 0.451519280672 554.6 -24.1 554.6 275.6 305.5 275.6 305.5 -24.1
P1410__1.0__4000___1500 0.161175370216 183.6 176.3 140.3 204.6 122.9 155.6 166.2 127.3
P1410__1.0__4000___1500 0.127637639642 524.3 524.6 420.5 642.0 305.0 533.6 408.8 416.2
P2504__1.0__1000___0 0.417712360620 381.5 448.0 324.3 470.5 302.5 388.8 359.6 366.2
P2504__1.0__1000___0 0.239681169391 241.2 584.5 160.2 622.9 114.2 483.6 195.1 445.2
P1410__1.0__3000___4500 0.456737905741 601.9 80.0 601.9 427.9 306.0 427.9 306.0 80.0
P2570__1.0__1199___865 0.240991175175 112.8 19.0 112.8 216.7 -4.9 216.7 -4.9 19.0
P2570__1.0__1199___865 0.177355453372 417.1 8.7 417.1 67.3 210.9 67.3 210.9 8.7
P1178__1.0__3500___2000 0.111056946218 181.8 192.2 181.8 475.2 -50.4 475.2 -50.4 192.2
P5789__1.0__2500___23000 0.116081371903 485.0 237.7 453.4 261.4 438.3 213.1 469.9 189.4
P7270__1.0__0___0 0.114591196179 229.9 432.0 229.9 467.4 150.4 467.4 150.4 432.0
P5789__1.0__27500___18500 0.100359365344 20.3 582.0 20.3 598.8 -1.9 598.8 -1.9 582.0
P2570__1.0__1000___0 0.341882884502 593.6 474.7 593.6 608.8 394.4 608.8 394.4 474.7
P2570__1.0__1000___0 0.197215721011 231.9 516.2 231.9 591.8 60.2 591.8 60.2 516.2
P1246__1.0__1000___500 0.181397646666 432.5 53.0 389.1 134.1 355.3 112.8 398.7 31.7
P7427__1.0__424___0 0.177500262856 77.7 231.6 52.8 235.2 45.6 197.8 70.5 194.2
P2718__1.0__0___1000 0.195854365826 602.6 207.3 602.6 276.7 576.8 276.7 576.8 207.3
P2724__1.0__1500___1000 0.160827845335 118.8 496.0 67.4 545.0 36.1 516.9 87.5 467.9
P2724__1.0__1500___1000 0.125151142478 439.9 247.9 425.4 272.3 404.7 261.1 419.2 236.7
P0368__1.0__199___787 0.285913020372 446.4 77.9 259.0 371.8 -23.7 156.5 163.7 -137.3
P1651__1.0__2500___500 0.107358418405 388.9 413.8 318.3 440.4 256.4 382.9 327.0 356.3
P4265__1.0__0___0 0.142887338996 482.1 3.9 450.2 37.4 434.5 22.8 466.5 -10.6
P1410__1.0__4000___1000 0.122962817550 573.1 372.8 573.1 614.9 294.6 614.9 294.6 372.8
P2197__1.0__1500___1000 0.113541826606 156.7 185.2 156.7 466.9 -56.5 466.9 -56.5 185.2
P1342__1.0__2500___1500 0.111208349466 240.2 45.1 240.2 119.4 51.1 119.4 51.1 45.1
P5789__1.0__25500___6500 0.162608146667 28.9 4.9 13.5 26.4 -7.3 13.7 8.1 -7.9
P3044__1.0__424___0 0.136142894626 410.7 522.4 410.7 562.9 352.8 562.9 352.8 522.4
P2714__1.0__3500___500 0.212287724018 483.9 510.6 483.9 557.7 448.7 557.7 448.7 510.6
P2714__1.0__3500___500 0.203045278788 266.5 370.5 248.4 405.2 224.6 395.3 242.6 360.6
P1518__1.0__0___2500 0.138581559062 243.1 345.9 224.2 405.5 185.2 386.1 204.1 326.5
P2714__1.0__3000___1500 0.105137117207 280.1 -6.3 280.1 18.5 251.7 18.5 251.7 -6.3
P2714__1.0__3000___1000 0.210364952683 288.4 478.8 275.2 513.4 257.2 501.7 270.4 467.1
P2714__1.0__3000___1000 0.131283938885 224.4 567.3 224.4 588.4 155.6 588.4 155.6 567.3
P2714__1.0__3000___1000 0.117471002042 590.1 84.5 590.1 135.5 557.5 135.5 557.5 84.5
P2714__1.0__3000___1000 0.114115186036 109.6 4.3 66.0 33.6 53.4 15.4 97.0 -13.9
P1410__1.0__2500___5352 0.132164284587 593.3 6.8 593.3 172.8 410.2 172.8 410.2 6.8
P1463__1.0__2000___2000 0.232584133744 491.5 117.0 400.0 274.3 249.4 150.1 340.9 -7.3
P1463__1.0__2000___2000 0.203637793660 645.4 194.4 560.0 337.8 415.7 224.6 501.1 81.2
P7746__1.0__424___424 0.311379790306 71.0 -1.0 71.0 37.1 37.8 37.1 37.8 -1.0
P2194__1.0__1116___1000 0.178507715464 523.3 557.3 523.3 615.2 328.8 615.2 328.8 557.3
P0146__1.0__2000___0 0.109984099865 209.6 533.9 209.6 637.9 -14.0 637.9 -14.0 533.9
P1342__1.0__2000___1000 0.110412523150 604.9 575.3 604.9 605.2 566.4 605.2 566.4 575.3
P2011__1.0__0___500 0.111545912921 376.5 1.9 376.5 185.6 202.7 185.6 202.7 1.9
P2714__1.0__3500___0 0.192353948951 254.7 158.2 254.7 205.5 213.3 205.5 213.3 158.2
P2714__1.0__3500___0 0.115388251841 197.7 4.8 197.7 23.3 158.0 23.3 158.0 4.8
P2714__1.0__3500___0 0.102810427547 427.1 440.0 427.1 475.5 376.6 475.5 376.6 440.0
P2194__1.0__1000___1500 0.412853896618 636.7 137.5 636.7 361.9 447.6 361.9 447.6 137.5
P5155__1.0__424___424 0.207304924726 362.5 570.1 362.5 587.0 304.9 587.0 304.9 570.1
P1903__1.0__500___0 0.110722959042 269.9 264.9 146.6 561.6 -80.0 480.6 43.3 183.8
P1903__1.0__500___0 0.104469180107 616.5 269.0 616.5 495.1 548.1 495.1 548.1 269.0
P2582__1.0__1000___0 0.209741041064 605.2 516.0 469.8 662.7 311.8 558.8 447.2 412.1
P2582__1.0__1000___0 0.208758920431 322.9 472.0 180.3 712.7 -20.8 594.0 121.8 353.3
P1342__1.0__2000___0 0.111691750586 38.3 393.7 14.9 402.0 6.0 370.4 29.4 362.1
P1471__1.0__2000___0 0.115698717535 584.8 495.4 584.8 588.2 514.6 588.2 514.6 495.4
P2718__1.0__1500___1500 0.194658666849 540.8 205.9 510.4 230.6 487.3 158.3 517.6 133.6
P1732__1.0__1000___500 0.104201622307 399.4 285.5 335.8 351.0 284.2 208.8 347.8 143.3
P0123__1.0__0___435 0.151635244489 116.3 378.6 116.3 568.9 -24.4 568.9 -24.4 378.6
P5789__1.0__28600___1500 0.128394588828 599.3 11.0 599.3 49.5 540.6 49.5 540.6 11.0
P2166__1.0__0___0 0.221755430102 380.8 188.1 380.8 295.7 277.9 295.7 277.9 188.1
P2714__1.0__0___1000 0.207326173782 476.3 202.6 476.3 264.4 454.0 264.4 454.0 202.6
P2714__1.0__0___1000 0.196072846651 384.5 411.2 365.2 415.2 350.1 377.7 369.5 373.7
P2714__1.0__0___1000 0.106488645077 566.2 164.4 566.2 183.1 525.5 183.1 525.5 164.4
P1643__1.0__1500___3000 0.200142651796 635.6 211.6 538.4 259.0 471.8 184.6 569.0 137.2
P4151__1.0__3000___4312 0.154886573553 710.6 448.0 538.4 652.5 335.2 436.0 507.4 231.5
P0047__1.0__0___1000 0.151556879282 603.1 480.8 603.1 602.9 544.7 602.9 544.7 480.8
P2724__1.0__1500___1500 0.182703942060 116.1 8.0 69.5 39.4 39.0 11.5 85.5 -19.9
P2724__1.0__1500___1500 0.152940154076 113.0 249.7 81.3 265.9 52.1 202.1 83.8 185.9
P2724__1.0__1500___1500 0.135741367936 476.9 150.1 465.4 177.9 448.0 167.2 459.5 139.4
P2582__1.0__500___1000 0.129675701261 407.5 42.5 328.5 210.0 134.3 127.6 213.3 -39.9
P2194__1.0__1116___1572 0.451052129269 533.3 48.3 533.3 307.4 326.9 307.4 326.9 48.3
P7799__1.0__0___424 0.124367177486 605.7 43.8 581.4 59.7 575.3 40.7 599.6 24.7
P2488__1.0__0___500 0.128066644073 235.6 580.8 235.6 598.4 207.6 598.4 207.6 580.8
P1342__1.0__0___0 0.185107052326 293.7 481.1 242.5 500.6 182.1 379.6 233.2 360.2
P1342__1.0__0___0 0.108244240284 33.9 483.1 6.6 499.7 -14.7 424.0 12.6 407.4
P8287__1.0__0___3000 0.175330698490 569.1 207.6 569.1 371.4 441.8 371.4 441.8 207.6
P1246__1.0__1000___0 0.114535555243 422.9 562.1 397.1 601.7 372.8 586.6 398.7 546.9
P2168__1.0__1000___500 0.106504999101 113.4 508.6 67.0 529.0 43.1 472.3 89.5 451.9
P1432__1.0__1000___1000 0.140919283032 613.7 -11.9 613.7 143.8 566.3 143.8 566.3 -11.9
P2595__1.0__368___1000 0.122523359954 80.4 39.1 80.4 244.4 -52.6 244.4 -52.6 39.1
P2121__1.0__240___0 0.163252413273 266.1 384.0 266.1 628.5 10.1 628.5 10.1 384.0
P2722__1.0__1000___500 0.181007385254 596.7 594.6 576.9 602.2 558.9 561.4 578.6 553.8
P6357__1.0__424___0 0.131078153849 603.8 576.5 595.8 604.9 552.8 602.3 560.8 573.9
P1410__1.0__4736___2000 0.457853049040 257.6 10.9 257.6 296.7 18.7 296.7 18.7 10.9
P1410__1.0__4736___2000 0.136820599437 276.1 470.5 276.1 613.4 87.7 613.4 87.7 470.5
P1410__1.0__4736___2000 0.106508083642 180.5 -5.5 180.5 33.4 103.2 33.4 103.2 -5.5
P2541__1.0__2014___1000 0.240884304047 147.2 326.9 113.2 388.4 47.8 365.3 81.7 303.8
P2593__1.0__603___500 0.150918334723 232.0 -3.5 232.0 63.4 28.0 63.4 28.0 -3.5
P2593__1.0__603___500 0.127599820495 204.7 119.2 204.7 237.0 22.9 237.0 22.9 119.2
P2718__1.0__2500___1500 0.166018173099 143.8 46.2 143.8 69.6 115.7 69.6 115.7 46.2
P2718__1.0__2500___1500 0.137225970626 545.4 42.5 535.1 63.4 522.5 58.5 532.8 37.6
P3106__1.0__424___424 0.192361295223 206.1 444.3 109.6 582.5 -48.5 462.7 48.0 324.5
P2194__1.0__500___1572 0.221039146185 429.7 -11.8 429.7 279.2 149.9 279.2 149.9 -11.8
P1752__1.0__3000___1500 0.223789975047 97.3 100.8 97.3 238.7 18.2 238.7 18.2 100.8
P2241__1.0__0___0 0.100802853703 466.7 469.6 466.7 598.8 289.2 598.8 289.2 469.6
P5316__1.0__424___0 0.103097505867 154.5 439.6 154.5 499.9 96.8 499.9 96.8 439.6
P1410__1.0__3000___4000 0.228549659252 156.8 506.3 156.8 609.5 22.6 609.5 22.6 506.3
P1410__1.0__3000___4000 0.128595277667 193.7 222.2 193.7 445.9 -5.6 445.9 -5.6 222.2
P1410__1.0__3000___4000 0.127730712295 559.5 531.4 559.5 616.3 364.4 616.3 364.4 531.4
P1373__1.0__2500___0 0.122947216034 498.2 151.7 408.3 162.3 385.7 12.4 475.6 1.8
P1903__1.0__1000___500 0.101257003844 424.4 -2.4 424.4 222.5 227.7 222.5 227.7 -2.4
P2286__1.0__1963___1466 0.109877206385 408.1 313.3 380.9 330.2 317.4 266.1 344.6 249.3
P2542__1.0__500___500 0.412567734718 197.5 391.1 136.1 459.3 62.0 389.1 123.4 320.9
P2542__1.0__500___500 0.155917659402 286.0 523.9 215.7 646.0 118.4 599.7 188.7 477.6
P2714__1.0__3937___1850 0.109793670475 554.0 337.8 536.1 340.7 529.2 314.4 547.1 311.5
P0146__1.0__1500___500 0.231533765793 472.9 59.7 360.2 323.2 125.3 222.3 238.0 -41.2
P0146__1.0__1500___500 0.120151519775 314.8 420.7 240.7 620.1 74.4 549.1 148.5 349.7
P0146__1.0__1500___500 0.110121637583 668.0 418.3 561.3 657.5 353.3 568.2 459.9 329.0
P1377__1.0__500___0 0.476267933846 415.9 252.3 273.9 484.2 102.4 333.8 244.4 101.9
P4083__1.0__424___0 0.148261591792 59.6 393.3 59.6 433.9 16.5 433.9 16.5 393.3
P1230__1.0__4000___500 0.105961412191 374.9 116.4 349.7 134.0 334.7 105.1 359.9 87.5
P2011__1.0__0___0 0.133133843541 448.0 388.1 448.0 616.3 140.4 616.3 140.4 388.1
P0402__1.0__23___253 0.125581845641 700.9 299.2 700.9 648.6 383.0 648.6 383.0 299.2
P0402__1.0__23___253 0.120589457452 439.3 480.9 302.0 668.4 126.9 498.4 264.2 310.9
P2012__1.0__0___0 0.218926459551 344.1 42.8 344.1 131.1 211.6 131.1 211.6 42.8
P2504__1.0__1020___500 0.135347023606 220.9 113.7 133.0 139.5 95.5 2.7 183.3 -23.1
P2582__1.0__1000___500 0.246002048254 624.9 96.8 466.9 389.3 221.7 225.7 379.8 -66.7
P2582__1.0__1000___500 0.231485024095 391.4 488.8 261.2 739.6 47.3 617.3 177.5 366.5
P2582__1.0__1000___500 0.117320619524 281.9 98.3 155.7 322.2 -59.8 168.9 66.4 -55.0
P1342__1.0__3000___500 0.140930265188 430.3 205.6 326.4 258.2 284.8 216.3 388.8 163.7
P2595__1.0__0___1000 0.344814717770 392.6 -6.7 392.6 315.0 147.6 315.0 147.6 -6.7
P2733__1.0__0___500 0.148955732584 578.3 404.8 499.3 430.4 449.9 334.7 528.9 309.1
P2721__1.0__0___500 0.287593603134 391.9 445.7 391.9 510.0 356.3 510.0 356.3 445.7
P10795__1.0__424___424 0.145960405469 342.3 299.0 309.4 313.7 300.7 297.5 333.7 282.8
P2714__1.0__1000___1850 0.201107934117 499.2 362.4 499.2 394.1 456.9 394.1 456.9 362.4
P2714__1.0__1000___1850 0.144598677754 340.9 151.7 319.2 149.8 318.9 117.5 340.7 119.4
P2721__1.0__3000___1853 0.102678522468 410.4 155.6 410.4 178.1 353.8 178.1 353.8 155.6
P2563__1.0__500___500 0.167844876647 206.7 -70.9 206.7 274.9 -90.6 274.9 -90.6 -70.9
P2504__1.0__1000___500 0.140646055341 242.4 120.4 151.0 144.7 114.2 -4.0 205.7 -28.3
P1471__1.0__500___2000 0.136231318116 347.1 269.8 347.1 662.0 24.7 662.0 24.7 269.8
P2768__1.0__861___1500 0.113030277193 51.1 498.4 51.1 530.6 32.6 530.6 32.6 498.4
P2768__1.0__861___1500 0.104788668454 51.0 559.6 51.0 588.9 32.2 588.9 32.2 559.6
P0659__1.0__20___0 0.142041772604 355.6 305.8 280.8 373.7 201.2 273.3 276.0 205.3
P9031__1.0__424___424 0.101584270597 67.9 558.0 67.9 573.9 7.8 573.9 7.8 558.0
P2721__1.0__0___1853 0.204238459468 39.5 265.9 39.5 330.5 4.1 330.5 4.1 265.9
P2194__1.0__0___1572 0.156064599752 317.8 -4.7 317.8 111.8 134.7 111.8 134.7 -4.7
P10442__1.0__0___0 0.114137575030 126.5 468.6 126.5 631.1 -10.9 631.1 -10.9 468.6
P2754__1.0__2500___1500 0.117712959647 405.7 1.4 405.7 59.3 358.6 59.3 358.6 1.4
P2394__1.0__500___0 0.158405378461 540.4 46.1 540.4 79.0 521.1 79.0 521.1 46.1
P1432__1.0__2500___1000 0.221790328622 418.7 416.1 418.7 579.8 274.1 579.8 274.1 416.1
P0047__1.0__0___1567 0.107284337282 625.5 59.7 625.5 240.0 546.1 240.0 546.1 59.7
P0130__1.0__0___260 0.129215225577 498.7 208.3 452.1 283.4 409.7 187.7 456.4 112.5
P0131__1.0__500___0 0.196757793427 405.2 285.7 405.2 358.0 350.5 358.0 350.5 285.7
P0131__1.0__500___0 0.188185125589 594.7 279.6 594.7 356.9 552.8 356.9 552.8 279.6
P0131__1.0__500___0 0.178368762136 473.0 276.1 473.0 368.0 426.8 368.0 426.8 276.1
P0131__1.0__500___0 0.160316005349 113.8 472.3 113.8 611.8 -14.0 611.8 -14.0 472.3
P1432__1.0__0___2500 0.147909313440 338.9 419.4 227.3 452.6 152.6 208.4 264.2 175.1
P1323__1.0__3000___500 0.101404219866 182.5 233.9 138.9 245.6 118.1 201.8 161.7 190.2
P1315__1.0__0___1000 0.150842189789 613.1 443.3 613.1 608.2 566.5 608.2 566.5 443.3
P2570__1.0__1199___0 0.317037761211 426.4 451.0 426.4 624.9 185.5 624.9 185.5 451.0
P2722__1.0__0___1846 0.199640467763 422.4 482.5 422.4 530.5 397.1 530.5 397.1 482.5
P2592__1.0__500___0 0.119680397213 608.0 465.4 393.8 682.4 174.4 496.6 388.5 279.6
P2592__1.0__500___0 0.109046593308 451.9 267.4 296.1 437.0 161.5 350.9 317.3 181.3
P0194__1.0__0___201 0.145461693406 71.7 442.3 71.7 601.1 -11.9 601.1 -11.9 442.3
P5789__1.0__28600___5000 0.124584063888 626.9 247.1 578.1 254.6 553.0 100.2 601.7 92.7
P5789__1.0__28600___5000 0.108419485390 568.7 214.8 544.7 220.2 530.5 189.0 554.6 183.6
P0131__1.0__0___500 0.436087369919 601.7 37.3 601.7 309.9 370.6 309.9 370.6 37.3
P2592__1.0__1455___500 0.311201721430 542.0 188.5 313.4 473.7 64.3 214.9 292.9 -70.3
P1786__1.0__500___3000 0.200250059366 366.5 153.0 217.2 257.9 78.6 41.6 227.9 -63.2
P9397__1.0__0___424 0.124265216291 306.9 257.4 306.9 331.0 273.3 331.0 273.3 257.4
P1410__1.0__4500___2000 0.461919516325 482.0 9.5 482.0 297.9 265.8 297.9 265.8 9.5
P1410__1.0__4500___2000 0.282228142023 190.6 485.9 190.6 582.0 37.0 582.0 37.0 485.9
P1410__1.0__4500___2000 0.171181276441 608.8 477.8 608.8 605.9 531.2 605.9 531.2 477.8
P1410__1.0__4500___2000 0.140356287360 508.8 471.8 508.8 612.5 327.0 612.5 327.0 471.8
P0385__1.0__0___285 0.166230708361 338.9 507.2 200.0 727.6 4.0 567.1 142.9 346.8
P2580__1.0__313___0 0.345814824104 214.3 497.2 42.6 637.7 -64.2 441.5 107.4 301.0
P2721__1.0__3500___500 0.136953428388 119.1 501.8 119.1 581.3 85.1 581.3 85.1 501.8
P1474__1.0__1500___2500 0.120207346976 358.6 -8.6 358.6 149.0 221.8 149.0 221.8 -8.6
P1650__1.0__1000___2000 0.226026639342 536.8 179.2 536.8 256.5 450.8 256.5 450.8 179.2
P0130__1.0__128___260 0.137358546257 370.4 209.9 324.2 282.9 282.5 186.1 328.6 113.2
P7799__1.0__424___0 0.221021518111 205.9 458.6 170.9 479.7 158.3 466.6 193.3 445.5
P7746__1.0__424___0 0.324382603168 70.7 420.2 70.7 456.8 37.3 456.8 37.3 420.2
P2563__1.0__1000___500 0.104204870760 292.4 -22.5 292.4 58.7 223.0 58.7 223.0 -22.5
P1410__1.0__3500___5000 0.106886707246 109.6 -0.9 109.6 92.8 -2.2 92.8 -2.2 -0.9
P0146__1.0__1500___0 0.131874620914 614.5 521.3 614.5 626.6 437.1 626.6 437.1 521.3
P0146__1.0__1500___0 0.105149768293 444.7 452.9 444.7 654.8 175.0 654.8 175.0 452.9
P2745__1.0__3000___1899 0.138711363077 416.9 -13.6 416.9 33.0 354.9 33.0 354.9 -13.6
P2582__1.0__0___0 0.102220594883 575.8 481.2 499.1 645.8 301.2 601.3 377.9 436.7
P1463__1.0__2500___2000 0.153334587812 144.1 209.8 56.8 333.4 -68.2 209.3 19.2 85.8
P1647__1.0__1000___1500 0.104757234454 354.5 253.4 178.6 327.1 106.9 240.3 282.8 166.6
P1384__1.0__1500___0 0.117106415331 602.0 573.3 602.0 606.6 569.5 606.6 569.5 573.3
P2718__1.0__0___500 0.186426430941 548.6 391.3 548.6 414.4 510.6 414.4 510.6 391.3
P1410__1.0__4736___1500 0.267134755850 226.1 443.9 226.1 592.3 57.8 592.3 57.8 443.9
P1410__1.0__4736___1500 0.174281463027 270.8 471.7 270.8 595.5 205.1 595.5 205.1 471.7
P1410__1.0__4736___1500 0.119514919817 72.7 470.8 72.7 581.4 3.4 581.4 3.4 470.8
P1384__1.0__2000___500 0.314027190208 197.1 197.3 109.2 297.2 46.9 182.2 134.8 82.4
P1384__1.0__2000___500 0.302968919277 155.4 299.9 155.4 503.8 23.7 503.8 23.7 299.9
P2714__1.0__3500___1500 0.115301899612 114.3 80.7 101.4 104.0 87.2 92.6 100.0 69.3
P1508__1.0__500___1000 0.107680827379 638.2 121.4 638.2 698.5 126.0 698.5 126.0 121.4
P1586__1.0__3400___1500 0.261424720287 412.2 533.5 361.2 606.7 288.1 542.6 339.1 469.5
P1342__1.0__1500___500 0.193479880691 405.8 269.9 345.4 270.7 333.1 174.2 393.5 173.4
P1342__1.0__1500___500 0.120937079191 399.0 420.6 399.0 488.2 316.6 488.2 316.6 420.6
P1386__1.0__3000___2956 0.103870958090 616.7 230.3 616.7 365.8 546.8 365.8 546.8 230.3
P2724__1.0__2500___1856 0.156904339790 568.7 39.3 539.5 44.2 532.2 19.8 561.4 14.9
P1432__1.0__2500___1500 0.151706442237 418.9 0.5 418.9 67.5 265.3 67.5 265.3 0.5
P2714__1.0__3937___500 0.173851877451 47.1 509.1 47.1 558.8 13.4 558.8 13.4 509.1
P2714__1.0__3937___500 0.161491945386 435.1 542.7 412.8 574.2 392.1 566.3 414.4 534.8
P0673__1.0__515___0 0.219800800085 613.3 105.6 433.4 434.8 137.5 249.1 317.4 -80.2
P2714__1.0__1500___1850 0.239107787609 369.8 559.6 355.3 576.5 329.3 556.9 343.8 539.9
P2714__1.0__1500___1850 0.146983996034 585.2 7.8 585.2 28.4 538.5 28.4 538.5 7.8
P2714__1.0__2000___1500 0.240917429328 265.1 487.3 265.1 523.9 242.2 523.9 242.2 487.3
P2714__1.0__2000___1500 0.167953938246 92.9 357.8 92.9 382.8 46.3 382.8 46.3 357.8
P2689__1.0__2500___0 0.143049955368 372.3 83.3 258.9 181.3 167.9 55.9 281.3 -42.1
P5949__1.0__0___0 0.133297398686 524.7 111.7 524.7 134.3 495.5 134.3 495.5 111.7
P1752__1.0__2500___1500 0.216156139970 598.9 108.1 598.9 231.6 516.2 231.6 516.2 108.1
P1752__1.0__2500___1500 0.194168105721 512.8 214.2 440.2 246.1 403.4 133.6 476.0 101.8
P0368__1.0__0___787 0.252331435680 641.6 78.2 454.8 370.0 173.2 156.4 360.0 -135.4
P7270__1.0__0___424 0.182166755199 217.1 16.2 207.1 39.9 163.8 36.1 173.8 12.4
P0146__1.0__2000___1000 0.115042723715 188.6 6.2 119.0 132.2 -8.1 83.9 61.6 -42.1
P0131__1.0__500___500 0.280998051167 142.0 45.5 142.0 286.2 -58.2 286.2 -58.2 45.5
P2541__1.0__1500___1000 0.101756624877 172.5 450.4 172.5 513.7 47.6 513.7 47.6 450.4
P0673__1.0__500___0 0.226210936904 619.2 109.4 443.4 428.4 155.7 245.2 331.5 -73.8
P2197__1.0__500___0 0.274590224028 411.6 301.0 322.5 409.9 232.8 308.7 321.9 199.7
P2197__1.0__500___0 0.116107359529 404.7 367.7 404.7 628.4 231.4 628.4 231.4 367.7
P1377__1.0__2500___500 0.119964063168 54.4 232.3 54.4 379.3 -35.2 379.3 -35.2 232.3
P5789__1.0__26000___10000 0.122620761395 495.1 80.5 471.4 84.6 461.4 43.2 485.1 39.1
P2718__1.0__500___1000 0.184292405844 109.0 216.3 109.0 267.8 79.3 267.8 79.3 216.3
P2718__1.0__500___1000 0.136430293322 592.3 355.0 592.3 385.0 571.2 385.0 571.2 355.0
P2404__1.0__3000___500 0.128200978041 164.2 238.3 92.6 250.7 64.1 94.7 135.7 82.2
P1542__1.0__1500___2000 0.105527251959 50.1 396.1 27.8 445.7 1.8 424.4 24.1 374.8
P5789__1.0__26000___9500 0.106470629573 492.0 576.3 471.9 582.1 463.4 548.2 483.5 542.4
P2722__1.0__2500___0 0.153960138559 121.2 268.4 98.6 272.8 83.3 232.9 105.9 228.5
P1471__1.0__2500___500 0.124186716974 102.5 20.8 102.5 199.6 5.6 199.6 5.6 20.8
P7746__1.0__0___0 0.311347275972 493.4 421.0 493.4 456.3 462.1 456.3 462.1 421.0
P2593__1.0__603___0 0.404955714941 241.7 193.6 241.7 514.6 -21.8 514.6 -21.8 193.6
P2331__1.0__2500___500 0.197238072753 164.2 341.7 126.6 392.7 48.0 342.0 85.6 290.9
P2722__1.0__1000___1000 0.258893251419 543.4 373.1 517.1 388.3 491.7 326.4 518.0 311.2
P2722__1.0__1000___1000 0.150676831603 594.4 99.2 578.5 105.2 561.8 65.0 577.7 59.0
P2502__1.0__0___500 0.126510933042 470.5 114.2 454.6 142.2 420.8 121.3 436.7 93.3
P0770__1.0__500___500 0.101110294461 670.1 397.4 483.4 640.2 287.1 484.0 473.8 241.3
P5316__1.0__424___424 0.120518110693 145.2 21.6 145.2 70.0 105.8 70.0 105.8 21.6
P2587__1.0__1500___0 0.127971008420 683.7 463.1 548.0 651.7 377.1 546.8 512.9 358.1
P5949__1.0__424___0 0.170675918460 99.0 110.1 99.0 136.1 72.9 136.1 72.9 110.1
P2580__1.0__313___500 0.367557257414 388.6 435.4 216.7 621.3 40.8 400.2 212.7 214.3
P2580__1.0__313___500 0.191051334143 269.3 98.6 98.7 258.0 -32.3 103.7 138.3 -55.6
P1508__1.0__0___500 0.232494443655 596.4 313.6 596.4 666.1 311.6 666.1 311.6 313.6
P1700__1.0__3000___2500 0.256544560194 421.2 419.6 349.0 473.3 278.7 360.7 350.9 306.9
P4151__1.0__3500___4312 0.100866340101 190.6 455.7 31.7 636.1 -137.6 429.7 21.3 249.3
P0143__1.0__0___0 0.177299976349 439.3 280.1 439.3 441.7 356.6 441.7 356.6 280.1
P1184__1.0__1000___1000 0.271818369627 219.6 76.6 171.9 181.4 78.8 135.5 126.5 30.8
P0402__1.0__0___253 0.115973189473 473.5 473.6 327.9 681.4 140.6 512.8 286.2 305.1
P5789__1.0__14500___10500 0.225521847606 384.5 110.5 253.5 184.1 164.6 95.3 295.5 21.7
P2563__1.0__500___0 0.133970782161 406.8 425.6 406.8 602.1 300.5 602.1 300.5 425.6
P2722__1.0__0___1000 0.222652018070 274.8 204.8 274.8 287.0 226.1 287.0 226.1 204.8
P2714__1.0__500___1500 0.107282012701 22.3 218.7 22.3 257.6 -3.5 257.6 -3.5 218.7
P2714__1.0__3500___1000 0.238022819161 483.2 14.9 483.2 60.8 448.5 60.8 448.5 14.9
P2714__1.0__3500___1000 0.156715184450 115.2 572.2 105.0 599.0 86.9 593.6 97.0 566.8
P2714__1.0__3500___1000 0.135644525290 94.6 136.6 71.9 142.7 60.8 91.9 83.5 85.8
P1713__1.0__1500___2000 0.104184016585 434.5 279.0 415.1 324.6 354.7 301.2 374.1 255.6
P2580__1.0__0___0 0.420873314142 547.7 495.4 365.8 666.3 226.3 444.1 408.2 273.2
P1679__1.0__0___3000 0.136141613126 431.3 306.1 353.6 325.4 324.6 291.0 402.4 271.7
P2721__1.0__0___1500 0.255288809538 534.2 212.4 534.2 279.4 493.7 279.4 493.7 212.4
P0382__1.0__483___500 0.151110514998 635.3 417.8 635.3 578.3 512.7 578.3 512.7 417.8
P2570__1.0__1199___500 0.424463868141 495.2 3.5 495.2 376.3 148.9 376.3 148.9 3.5
P2570__1.0__1199___500 0.164113476872 113.6 381.6 113.6 582.2 -5.7 582.2 -5.7 381.6
P2570__1.0__1199___500 0.140624418855 79.0 52.4 79.0 247.5 -11.0 247.5 -11.0 52.4
P2011__1.0__260___0 0.100060701370 189.5 406.9 189.5 589.1 -57.5 589.1 -57.5 406.9
P1184__1.0__1000___4000 0.110622093081 613.2 67.7 561.5 182.8 416.0 111.1 467.7 -4.0
P2718__1.0__500___500 0.157063320279 49.2 392.4 49.2 419.2 10.6 419.2 10.6 392.4
P1184__1.0__1500___4000 0.124499797821 100.8 4.0 100.8 183.6 -33.2 183.6 -33.2 4.0
P2724__1.0__1500___500 0.133764520288 244.5 452.7 244.5 487.6 207.5 487.6 207.5 452.7
P2724__1.0__1500___500 0.110621653497 18.3 -1.8 18.3 21.6 -7.0 21.6 -7.0 -1.8
P2722__1.0__1500___500 0.157758906484 97.0 594.2 78.7 601.9 59.2 561.9 77.4 554.2
P2718__1.0__3000___1000 0.130026742816 153.0 285.4 126.6 299.2 115.4 237.9 141.7 224.1
P2718__1.0__3000___1000 0.119174540043 395.5 573.5 395.5 598.1 377.5 598.1 377.5 573.5
P2570__1.0__500___0 0.426320195198 414.9 230.0 268.5 445.0 111.0 252.9 257.5 37.9
P2570__1.0__500___0 0.204950347543 551.7 89.0 551.7 370.6 324.7 370.6 324.7 89.0
P2714__1.0__1500___1500 0.185710057616 589.9 357.9 589.9 381.8 541.7 381.8 541.7 357.9
P2714__1.0__1500___1500 0.139120250940 580.0 85.5 580.0 110.0 535.4 110.0 535.4 85.5
P1577__1.0__1500___1000 0.115813687444 265.8 191.0 161.7 230.0 83.2 -3.7 187.3 -42.7
P2011__1.0__0___527 0.121220082045 475.2 -17.8 475.2 285.4 112.5 285.4 112.5 -17.8
P2718__1.0__1500___1000 0.108877226710 594.2 232.2 590.2 261.8 561.0 260.4 564.9 230.7
P2331__1.0__1000___500 0.109314195812 406.5 590.4 375.6 610.1 340.8 590.5 371.7 570.8
P2194__1.0__1000___1000 0.191237762570 587.5 554.7 587.5 609.2 447.9 609.2 447.9 554.7
P2429__1.0__0___2000 0.106711477041 142.1 569.7 142.1 610.9 -2.4 610.9 -2.4 569.7
P2330__1.0__0___0 0.170791253448 628.8 231.7 552.5 245.1 526.6 124.5 602.9 111.1
P1440__1.0__1374___500 0.100190676749 320.3 148.0 147.8 489.6 -136.9 327.3 35.5 -14.2
P2714__1.0__500___1850 0.150756537914 327.1 329.7 327.1 345.2 292.4 345.2 292.4 329.7
P2714__1.0__500___1850 0.102092318237 333.7 181.2 333.7 198.4 302.3 198.4 302.3 181.2
P2580__1.0__0___1000 0.107817761600 533.2 32.4 424.7 101.7 350.8 18.8 459.3 -50.6
P2721__1.0__2500___1500 0.116581089795 229.5 217.0 202.2 233.5 189.4 212.8 216.7 196.3
P2721__1.0__2500___1500 0.106919772923 584.9 17.3 554.6 18.7 554.3 2.6 584.5 1.1
P7800__1.0__424___424 0.109822958708 528.2 428.9 528.2 461.4 505.9 461.4 505.9 428.9
P2595__1.0__0___1072 0.195243105292 420.6 -19.8 420.6 335.3 151.2 335.3 151.2 -19.8
P2714__1.0__2000___0 0.219146430492 245.3 540.5 245.3 599.3 214.5 599.3 214.5 540.5
P2714__1.0__2000___0 0.120805718005 486.4 440.3 486.4 458.7 453.7 458.7 453.7 440.3
P2718__1.0__2000___1846 0.199574276805 20.6 283.5 3.6 303.7 -9.5 281.3 7.5 261.0
P3044__1.0__424___424 0.213983222842 406.7 124.4 376.1 142.7 356.4 121.3 387.0 103.1
P2197__1.0__500___1000 0.104137003422 407.1 -1.6 407.1 269.4 76.7 269.4 76.7 -1.6
P2449__1.0__0___1654 0.148274570704 88.2 366.0 88.2 501.7 -4.5 501.7 -4.5 366.0
P2168__1.0__1000___574 0.108961321414 110.5 432.0 68.1 452.7 46.6 402.9 89.0 382.1
P4183__1.0__424___0 0.113038316369 59.3 226.7 43.3 238.1 18.4 217.9 34.4 206.5
P7799__1.0__424___424 0.232373297215 204.7 38.0 165.7 56.4 151.9 39.7 190.9 21.2
P5789__1.0__14000___6000 0.101846277714 644.6 438.4 551.7 450.4 511.1 237.9 604.0 225.9
P1373__1.0__2000___2000 0.100681878626 107.5 591.7 65.7 615.1 40.1 587.7 81.9 564.3
P0130__1.0__0___0 0.146975383162 499.6 469.6 451.8 543.3 408.7 446.2 456.5 372.6
P1410__1.0__4000___2500 0.418355435133 446.5 3.0 446.5 304.7 189.4 304.7 189.4 3.0
P1410__1.0__4000___2500 0.183026254177 644.8 69.8 644.8 253.6 535.0 253.6 535.0 69.8
P0146__1.0__2091___0 0.110467679799 53.7 503.0 53.7 612.9 -34.3 612.9 -34.3 503.0
P1432__1.0__1500___2000 0.157954707742 135.3 545.6 84.6 610.8 28.0 553.2 78.7 487.9
P2598__1.0__1000___500 0.119293086231 123.7 -8.5 123.7 228.4 -47.8 228.4 -47.8 -8.5
P2582__1.0__1000___1149 0.150778129697 293.4 75.1 151.5 184.4 8.1 31.8 150.0 -77.5
P2721__1.0__1000___500 0.140834644437 436.9 130.9 388.5 141.6 382.0 114.0 430.3 103.3
P1373__1.0__1500___1000 0.136436268687 245.6 86.4 217.7 110.4 190.2 77.8 218.1 53.7
P2194__1.0__500___1000 0.165130391717 402.6 377.5 402.6 602.1 201.0 602.1 201.0 377.5
P2714__1.0__2000___500 0.222328424454 245.8 49.8 245.8 105.8 213.4 105.8 213.4 49.8
P4265__1.0__424___0 0.133285015821 60.1 3.4 28.8 36.1 15.6 23.9 46.9 -8.8
P2462__1.0__0___1000 0.111312381923 325.9 192.6 167.8 432.3 -15.8 282.2 142.3 42.5
P2724__1.0__500___0 0.197751268744 69.9 479.7 41.3 485.5 37.7 451.0 66.3 445.2
P1184__1.0__1994___3500 0.106847144663 217.4 310.5 109.8 453.8 -3.4 316.2 104.1 172.9
P2754__1.0__2857___1500 0.109650015831 50.1 6.5 50.1 60.9 8.6 60.9 8.6 6.5
P1742__1.0__0___2000 0.161922246218 479.5 320.8 335.4 403.7 245.4 317.0 389.6 234.1
P1315__1.0__500___3400 0.135195568204 628.4 316.7 587.0 439.8 495.2 414.8 536.5 291.7
P2592__1.0__1000___0 0.103380531073 144.6 285.5 144.6 622.3 -124.6 622.3 -124.6 285.5
P1410__1.0__4736___500 0.124589458108 222.5 548.3 222.5 606.9 92.9 606.9 92.9 548.3
P2912__1.0__424___0 0.104882121086 94.8 265.2 94.8 306.8 77.0 306.8 77.0 265.2
P2912__1.0__0___0 0.164715215564 520.8 263.6 520.8 308.1 499.1 308.1 499.1 263.6
P2724__1.0__2000___1856 0.303435146809 510.1 190.0 510.1 270.2 462.8 270.2 462.8 190.0
P2724__1.0__2000___1856 0.133960708976 389.5 222.8 375.6 237.4 359.0 214.7 372.9 200.1
P2791__1.0__3000___5000 0.150421738625 370.7 338.9 284.1 481.3 128.8 360.5 215.4 218.0
P0770__1.0__0___500 0.180453047156 671.3 59.6 610.4 229.8 461.5 174.0 522.5 3.7
P2721__1.0__1000___1853 0.139767438173 357.0 418.5 344.5 426.5 327.0 402.3 339.5 394.3
P1410__1.0__4500___1500 0.275571048260 455.2 448.1 455.2 588.3 292.9 588.3 292.9 448.1
P1410__1.0__4500___1500 0.126108035445 505.9 466.5 505.9 593.8 434.2 593.8 434.2 466.5
P1577__1.0__1500___500 0.147504374385 221.1 617.2 150.3 642.2 103.3 483.1 174.1 458.1
P2754__1.0__2500___1000 0.125864580274 348.0 420.8 307.9 475.7 261.8 431.2 301.9 376.3
P1230__1.0__3000___0 0.102340586483 448.5 392.5 448.5 436.5 427.3 436.5 427.3 392.5
P1410__1.0__4500___2500 0.442932665348 226.4 31.1 226.4 292.7 9.4 292.7 9.4 31.1
P1410__1.0__4500___2500 0.426017254591 551.2 2.3 551.2 337.4 269.1 337.4 269.1 2.3
P2714__1.0__3000___500 0.103049352765 22.5 86.1 22.5 111.3 -3.8 111.3 -3.8 86.1
P10733__1.0__0___424 0.121757999063 516.1 546.0 516.1 609.8 384.0 609.8 384.0 546.0
P1240__1.0__1000___0 0.127031624317 139.8 93.3 110.1 122.4 72.4 80.1 102.1 51.0
P5316__1.0__0___424 0.105634957552 557.5 29.2 557.5 62.3 535.4 62.3 535.4 29.2
P7427__1.0__0___0 0.229546502233 499.0 230.8 471.5 236.7 466.4 198.7 493.9 192.7
P0146__1.0__2091___500 0.121290080249 306.6 218.3 132.9 375.0 -29.6 192.0 144.0 35.3
P2714__1.0__3937___1000 0.306280195713 299.7 513.8 274.6 537.0 230.6 491.1 255.7 468.0
P2714__1.0__3937___1000 0.247399657965 48.3 10.5 48.3 64.4 10.7 64.4 10.7 10.5
P2714__1.0__3937___1000 0.151555657387 431.8 43.2 421.7 71.2 396.1 66.0 406.2 38.0
P1373__1.0__1500___2500 0.114886097610 643.5 174.2 583.6 210.8 537.7 93.6 597.5 57.1
P1903__1.0__1346___0 0.126293361187 118.7 312.0 118.7 579.7 -51.1 579.7 -51.1 312.0
P0368__1.0__0___500 0.298678755760 661.1 364.6 450.1 674.1 162.3 437.9 373.2 128.3
P1471__1.0__2500___0 0.105169177055 109.8 503.6 109.8 620.0 5.4 620.0 5.4 503.6
P0146__1.0__500___0 0.107719913125 309.7 473.4 257.5 530.0 198.5 450.5 250.8 393.8
P1240__1.0__500___0 0.104672685266 509.0 513.2 478.0 528.2 430.8 466.2 461.8 451.2
P1184__1.0__500___5000 0.321862936020 496.1 485.4 434.3 635.9 292.3 565.1 354.1 414.5
P2721__1.0__1000___1500 0.227369144559 105.3 96.5 105.3 108.0 35.5 108.0 35.5 96.5
P2721__1.0__1000___1500 0.196123316884 181.5 286.0 181.5 317.7 158.0 317.7 158.0 286.0
P2593__1.0__500___500 0.160271808505 306.9 115.1 306.9 232.8 128.5 232.8 128.5 115.1
P2593__1.0__500___500 0.125991567969 332.5 -3.9 332.5 63.8 119.4 63.8 119.4 -3.9
P2197__1.0__1500___1089 0.138408616185 158.5 104.8 158.5 371.3 -58.1 371.3 -58.1 104.8
P2724__1.0__3000___1000 0.108116537333 44.4 -1.4 44.4 38.4 22.0 38.4 22.0 -1.4
P2197__1.0__1000___1000 0.206982374191 648.5 189.3 648.5 454.3 419.3 454.3 419.3 189.3
P6669__1.0__0___0 0.126467645168 384.0 217.9 384.0 242.7 356.9 242.7 356.9 217.9
P5750__1.0__0___0 0.253116101027 338.0 349.2 323.2 378.0 306.8 366.6 321.5 337.8
P1903__1.0__1000___0 0.159514337778 360.0 352.5 202.0 565.3 14.3 441.8 172.3 229.0
P2563__1.0__0___500 0.125477001071 674.5 -64.3 674.5 268.6 402.0 268.6 402.0 -64.3
P2714__1.0__3937___1500 0.210812270641 302.0 16.3 281.8 38.6 229.7 2.0 249.9 -20.4
P1919__1.0__58___0 0.102140568197 65.0 56.2 65.0 212.2 -28.7 212.2 -28.7 56.2
P1315__1.0__0___2500 0.165686950088 239.5 541.2 239.5 606.8 124.4 606.8 124.4 541.2
P2502__1.0__500___0 0.130204230547 200.7 582.2 90.0 596.1 43.1 374.6 153.9 360.7
P2724__1.0__3000___1856 0.183122396469 154.1 60.5 124.1 68.7 106.6 40.1 136.6 31.9
P2724__1.0__3000___1856 0.119169577956 72.2 39.7 41.5 44.0 36.2 13.0 66.9 8.7
P5789__1.0__14500___10000 0.186884284019 358.9 545.9 358.9 634.5 180.8 634.5 180.8 545.9
P0659__1.0__0___0 0.139025256038 376.8 302.4 300.3 373.0 219.5 276.5 295.9 206.0
P2714__1.0__0___0 0.117439463735 458.5 94.3 458.5 141.5 425.5 141.5 425.5 94.3
P2385__1.0__0___500 0.139642760158 327.2 243.7 292.1 276.2 275.5 257.3 310.5 224.9
P1410__1.0__3000___5352 0.103271208704 602.2 -15.6 602.2 347.0 201.4 347.0 201.4 -15.6
P2722__1.0__2000___500 0.174445122480 174.4 514.7 149.1 539.4 134.1 524.1 159.4 499.4
P1410__1.0__3000___5000 0.102903313935 581.9 -6.0 581.9 34.1 438.1 34.1 438.1 -6.0
P2724__1.0__3500___0 0.155675545335 430.7 235.9 393.0 241.2 389.8 223.0 427.5 217.7
P0047__1.0__0___1500 0.117845609784 609.7 1.4 609.7 162.2 545.9 162.2 545.9 1.4
P2724__1.0__2500___1500 0.117632724345 578.5 365.5 578.5 398.9 522.2 398.9 522.2 365.5
P8656__1.0__4000___2500 0.118132635951 573.8 52.6 573.8 383.0 245.8 383.0 245.8 52.6
P0368__1.0__199___500 0.279127061367 464.7 354.8 254.4 677.2 -41.4 447.6 168.8 125.2
P2582__1.0__1098___1149 0.140039980412 247.5 48.0 117.1 202.7 -58.1 66.0 72.3 -88.7
P2722__1.0__3000___1500 0.132642477751 581.7 22.6 581.7 53.7 551.7 53.7 551.7 22.6
P2502__1.0__500___1824 0.295839577913 216.1 -5.4 216.1 73.3 91.7 73.3 91.7 -5.4
P2394__1.0__1000___0 0.185551360250 41.1 45.0 41.1 80.2 20.4 80.2 20.4 45.0
P2724__1.0__1000___1000 0.112526990473 612.0 500.1 561.4 544.1 527.4 520.0 578.0 475.9
P1456__1.0__2500___1000 0.116672694683 634.9 385.1 634.9 578.8 545.4 578.8 545.4 385.1
P2331__1.0__1500___0 0.115265041590 24.7 572.0 24.7 599.8 3.1 599.8 3.1 572.0
P2593__1.0__500___0 0.436235040426 364.0 176.4 364.0 531.9 56.3 531.9 56.3 176.4
P2330__1.0__500___0 0.188292875886 148.0 228.0 69.2 258.9 23.8 128.4 102.7 97.4
P2330__1.0__500___0 0.106462784111 536.5 28.2 536.5 55.7 515.5 55.7 515.5 28.2
P2570__1.0__1000___500 0.434429705143 652.3 36.1 652.3 343.7 376.2 343.7 376.2 36.1
P2570__1.0__1000___500 0.241935819387 150.9 358.0 150.9 581.6 -2.7 581.6 -2.7 358.0
P2570__1.0__1000___500 0.202433928847 313.6 378.0 313.6 586.1 178.7 586.1 178.7 378.0
P2570__1.0__1000___500 0.107077434659 269.2 59.9 269.2 248.3 39.1 248.3 39.1 59.9
P6135__1.0__0___424 0.153422221541 335.3 225.2 335.3 250.7 316.6 250.7 316.6 225.2
P6135__1.0__0___424 0.133106768131 287.4 16.9 287.4 44.7 244.2 44.7 244.2 16.9
P2582__1.0__1098___500 0.225784942508 530.9 88.6 368.4 394.8 116.0 234.0 278.5 -72.2
P2582__1.0__1098___500 0.180775091052 278.8 493.2 156.3 725.6 -40.5 612.8 82.1 380.4
P2582__1.0__1098___500 0.128322795033 195.2 -42.0 195.2 285.6 -71.3 285.6 -71.3 -42.0
P1432__1.0__2787___1000 0.261725574732 129.8 421.0 129.8 574.7 10.2 574.7 10.2 421.0
