P9977__1.0__0___424 0.134176418185 622.2 -36.0 622.2 223.8 389.8 223.8 389.8 -36.0
P6580__1.0__0___0 0.149152293801 628.4 362.7 628.4 617.1 375.4 617.1 375.4 362.7
P5546__1.0__0___424 0.141459047794 660.3 9.0 660.3 338.9 359.8 338.9 359.8 9.0
P5546__1.0__0___424 0.109348908067 353.1 -22.4 353.1 226.3 162.7 226.3 162.7 -22.4
P9169__1.0__424___0 0.131777793169 187.8 314.7 187.8 601.4 -48.0 601.4 -48.0 314.7
P3932__1.0__0___424 0.117764547467 604.3 -7.7 604.3 203.5 447.5 203.5 447.5 -7.7
P6633__1.0__0___424 0.138172119856 668.8 8.5 668.8 355.4 247.4 355.4 247.4 8.5
P4957__1.0__424___0 0.119932763278 458.3 306.1 458.3 610.2 249.7 610.2 249.7 306.1
P6669__1.0__424___0 0.141284242272 303.8 372.6 303.8 567.2 -19.5 567.2 -19.5 372.6
P6258__1.0__424___0 0.176953017712 335.0 396.2 335.0 615.2 -19.0 615.2 -19.0 396.2
P5728__1.0__0___424 0.126570090652 629.8 73.5 629.8 394.6 310.4 394.6 310.4 73.5
P8666__1.0__424___0 0.152775287628 344.2 376.9 344.2 562.9 59.7 562.9 59.7 376.9
P4492__1.0__0___424 0.133318424225 626.5 1.5 626.5 249.8 417.2 249.8 417.2 1.5
P6162__1.0__0___0 0.109373226762 626.1 428.6 626.1 615.2 369.6 615.2 369.6 428.6
P6669__1.0__0___424 0.168733149767 510.1 0.9 510.1 282.9 142.3 282.9 142.3 0.9
P9169__1.0__424___424 0.174800276756 212.6 -28.4 212.6 256.1 -24.5 256.1 -24.5 -28.4
P7464__1.0__424___424 0.133495971560 192.6 -23.0 192.6 227.0 -52.5 227.0 -52.5 -23.0
P7129__1.0__424___0 0.141067251563 250.3 400.7 250.3 618.9 -6.3 618.9 -6.3 400.7
P6661__1.0__424___0 0.168884575367 275.3 338.0 275.3 682.2 -86.7 682.2 -86.7 338.0
P4055__1.0__0___424 0.126755416393 616.7 16.7 616.7 275.1 379.1 275.1 379.1 16.7
P9031__1.0__0___424 0.144362673163 567.6 34.3 567.6 281.4 404.3 281.4 404.3 34.3
P3140__1.0__424___0 0.175163879991 257.6 421.9 257.6 637.9 10.4 637.9 10.4 421.9
P8081__1.0__0___0 0.117925859988 449.9 379.4 449.9 616.5 2.4 616.5 2.4 379.4
P5078__1.0__0___424 0.198791831732 612.7 -11.4 612.7 198.6 414.8 198.6 414.8 -11.4
P6898__1.0__0___0 0.120508387685 637.0 380.6 637.0 615.3 311.3 615.3 311.3 380.6
P3095__1.0__424___424 0.183531433344 227.9 20.5 227.9 295.4 -39.4 295.4 -39.4 20.5
P2942__1.0__424___0 0.105875901878 174.0 395.4 174.0 632.4 -2.4 632.4 -2.4 395.4
P4526__1.0__0___424 0.177198827267 603.2 13.2 603.2 230.5 312.8 230.5 312.8 13.2
P10994__1.0__424___0 0.148881196976 226.6 439.7 226.6 676.0 25.2 676.0 25.2 439.7
P4124__1.0__0___0 0.136299684644 587.7 286.9 587.7 541.0 408.0 541.0 408.0 286.9
P4417__1.0__0___424 0.184424087405 591.6 -0.6 591.6 228.4 212.9 228.4 212.9 -0.6
P6669__1.0__424___424 0.114849820733 269.3 -43.9 269.3 151.7 -25.1 151.7 -25.1 -43.9
P8081__1.0__0___424 0.109044834971 434.6 -31.7 434.6 315.3 -54.9 315.3 -54.9 -31.7
P9690__1.0__424___0 0.128098458052 244.0 446.2 244.0 581.1 -24.2 581.1 -24.2 446.2
P9866__1.0__424___424 0.154479056597 331.3 30.8 331.3 244.7 -31.0 244.7 -31.0 30.8
P2695__1.0__3392___0 0.112343259156 598.4 390.8 598.4 525.0 341.1 525.0 341.1 390.8
P10105__1.0__0___424 0.158839777112 609.7 -11.6 609.7 207.2 314.2 207.2 314.2 -11.6
P3032__1.0__0___424 0.146453648806 563.6 -2.3 563.6 293.9 152.3 293.9 152.3 -2.3
P3032__1.0__0___424 0.100103721023 222.7 359.8 222.7 612.1 -26.8 612.1 -26.8 359.8
P7129__1.0__0___424 0.160136222839 610.6 -13.2 610.6 185.0 353.3 185.0 353.3 -13.2
P7427__1.0__0___424 0.172437995672 599.0 -1.3 599.0 245.0 373.0 245.0 373.0 -1.3
P5546__1.0__424___0 0.168024852872 177.2 282.4 177.2 569.5 -45.3 569.5 -45.3 282.4
P3032__1.0__424___0 0.120735920966 572.7 328.6 572.7 642.9 191.3 642.9 191.3 328.6
P6418__1.0__0___0 0.159625723958 531.9 369.9 531.9 642.1 128.9 642.1 128.9 369.9
P2993__1.0__0___0 0.158897474408 627.1 427.9 627.1 599.7 304.9 599.7 304.9 427.9
P9015__1.0__424___0 0.127444639802 317.7 381.2 317.7 614.7 -1.2 614.7 -1.2 381.2
P9016__1.0__0___0 0.169326215982 613.8 374.2 613.8 605.6 302.5 605.6 302.5 374.2
P9295__1.0__424___424 0.167652159929 186.5 -7.4 186.5 210.6 24.9 210.6 24.9 -7.4
P6633__1.0__424___424 0.152541905642 249.7 -6.8 249.7 218.1 -6.5 218.1 -6.5 -6.8
P9169__1.0__0___0 0.142267540097 578.4 303.0 578.4 572.7 353.5 572.7 353.5 303.0
P3140__1.0__424___424 0.174489453435 307.1 16.3 307.1 227.4 32.7 227.4 32.7 16.3
P5546__1.0__0___0 0.143688201904 612.2 273.1 612.2 586.9 367.7 586.9 367.7 273.1
P3810__1.0__424___424 0.146371990442 462.1 -34.2 462.1 133.5 157.5 133.5 157.5 -34.2
P4083__1.0__424___424 0.123639419675 229.5 -19.3 229.5 183.1 -25.5 183.1 -25.5 -19.3
P2912__1.0__424___424 0.163417443633 392.3 -10.9 392.3 125.6 163.1 125.6 163.1 -10.9
P5197__1.0__424___0 0.149550914764 377.1 386.5 377.1 617.1 -4.9 617.1 -4.9 386.5
P10795__1.0__0___424 0.130626305938 661.6 55.7 661.6 331.6 246.6 331.6 246.6 55.7
P5752__1.0__424___424 0.144153520465 268.1 -25.2 268.1 260.9 -47.9 260.9 -47.9 -25.2
P9866__1.0__0___424 0.158538296819 632.9 -24.3 632.9 268.0 219.5 268.0 219.5 -24.3
P3810__1.0__424___0 0.166103109717 338.1 383.5 338.1 612.0 -13.9 612.0 -13.9 383.5
P3810__1.0__424___0 0.127096787095 653.2 324.2 653.2 591.7 326.6 591.7 326.6 324.2
P6143__1.0__424___0 0.134395524859 239.4 356.5 239.4 615.5 -51.2 615.5 -51.2 356.5
P2721__1.0__2000___1000 0.111064940691 348.5 273.3 348.5 434.5 87.5 434.5 87.5 273.3
P4417__1.0__424___424 0.191970989108 331.7 -22.3 331.7 218.0 0.3 218.0 0.3 -22.3
P9977__1.0__0___0 0.136366799474 596.2 313.5 596.2 586.2 319.4 586.2 319.4 313.5
P9854__1.0__424___424 0.146329343319 404.5 -53.1 404.5 249.2 16.3 249.2 16.3 -53.1
P5437__1.0__424___0 0.124319612980 320.7 353.5 320.7 578.3 -36.7 578.3 -36.7 353.5
P8081__1.0__424___424 0.113924793899 486.5 -2.7 486.5 318.6 -34.3 318.6 -34.3 -2.7
P4265__1.0__424___424 0.116504393518 338.4 41.6 338.4 298.0 33.6 298.0 33.6 41.6
P4526__1.0__424___424 0.172424525023 308.6 25.7 308.6 209.9 -0.5 209.9 -0.5 25.7
P3989__1.0__424___424 0.125577270985 279.8 -52.0 279.8 223.7 -67.6 223.7 -67.6 -52.0
P5691__1.0__424___0 0.138610661030 272.3 412.0 272.3 639.2 -5.2 639.2 -5.2 412.0
P2982__1.0__424___0 0.142089694738 228.9 272.0 228.9 427.6 -9.3 427.6 -9.3 272.0
P6357__1.0__424___424 0.124571591616 186.3 7.5 186.3 252.5 1.7 252.5 1.7 7.5
P9866__1.0__424___0 0.152354419231 414.0 291.1 414.0 608.9 -25.2 608.9 -25.2 291.1
P7484__1.0__424___424 0.162470281124 196.3 -23.3 196.3 226.9 -32.5 226.9 -32.5 -23.3
P8324__1.0__424___424 0.125227019191 296.5 -7.2 296.5 203.0 -28.3 203.0 -28.3 -7.2
P3241__1.0__0___424 0.180445909500 632.4 -22.9 632.4 202.8 324.0 202.8 324.0 -22.9
P4721__1.0__0___424 0.147166743875 595.4 25.9 595.4 241.8 312.6 241.8 312.6 25.9
P6143__1.0__0___0 0.174416139722 649.0 378.0 649.0 649.9 331.3 649.9 331.3 378.0
P9015__1.0__424___424 0.126319989562 265.6 16.6 265.6 211.1 34.4 211.1 34.4 16.6
P9854__1.0__424___0 0.130332395434 348.5 355.6 348.5 583.9 -48.2 583.9 -48.2 355.6
P6633__1.0__0___0 0.164795756340 682.6 363.4 682.6 640.5 385.5 640.5 385.5 363.4
P9690__1.0__424___424 0.121325723827 223.4 33.3 223.4 145.9 -19.6 145.9 -19.6 33.3
P5078__1.0__424___424 0.214207619429 211.3 -7.8 211.3 211.1 0.3 211.1 0.3 -7.8
P3957__1.0__0___0 0.178836703300 640.0 403.5 640.0 616.2 340.1 616.2 340.1 403.5
P10994__1.0__0___0 0.149503976107 642.5 440.3 642.5 667.3 449.2 667.3 449.2 440.3
P6357__1.0__0___424 0.131283774972 609.1 -3.7 609.1 255.6 402.8 255.6 402.8 -3.7
P6258__1.0__0___424 0.125365525484 635.4 -5.1 635.4 240.8 224.9 240.8 224.9 -5.1
P7464__1.0__424___0 0.147023141384 217.9 371.2 217.9 592.6 -13.9 592.6 -13.9 371.2
P5316__1.0__0___0 0.133827522397 562.6 435.3 562.6 560.3 305.2 560.3 305.2 435.3
P6868__1.0__424___0 0.128829807043 501.8 252.2 501.8 583.9 -17.2 583.9 -17.2 252.2
P2721__1.0__1500___1500 0.122637867928 134.0 52.9 134.0 279.0 -42.2 279.0 -42.2 52.9
P9854__1.0__0___424 0.136942610145 420.2 23.3 420.2 228.8 0.6 228.8 0.6 23.3
P5197__1.0__0___0 0.146526440978 592.7 405.9 592.7 605.9 235.4 605.9 235.4 405.9
P5750__1.0__0___424 0.147437930107 630.4 20.6 630.4 271.1 261.9 271.1 261.9 20.6
P6258__1.0__424___424 0.169101387262 328.8 -22.6 328.8 186.1 -12.8 186.1 -12.8 -22.6
P9031__1.0__0___0 0.121092885733 609.3 90.2 609.3 401.7 330.9 401.7 330.9 90.2
P10105__1.0__0___0 0.161810889840 631.7 389.2 631.7 590.3 348.4 590.3 348.4 389.2
P3817__1.0__0___0 0.118626706302 646.3 391.0 646.3 636.8 374.0 636.8 374.0 391.0
P7427__1.0__424___424 0.175648033619 207.8 -2.3 207.8 262.4 -67.6 262.4 -67.6 -2.3
P4772__1.0__424___424 0.141106784344 273.5 -27.2 273.5 190.8 -61.3 190.8 -61.3 -27.2
P5078__1.0__0___0 0.193109691143 603.3 409.1 603.3 610.1 415.8 610.1 415.8 409.1
P4952__1.0__424___424 0.154406860471 250.8 2.5 250.8 185.0 -15.0 185.0 -15.0 2.5
P7464__1.0__0___0 0.145100504160 636.2 378.3 636.2 625.5 384.0 625.5 384.0 378.3
P2956__1.0__424___424 0.128265023232 563.7 27.4 563.7 320.4 80.4 320.4 80.4 27.4
P10802__1.0__0___0 0.175723552704 651.7 335.1 651.7 620.3 248.5 620.3 248.5 335.1
P10802__1.0__0___0 0.106180943549 336.3 302.9 336.3 540.3 -76.5 540.3 -76.5 302.9
P6633__1.0__424___0 0.151896178722 271.7 394.1 271.7 649.6 -12.6 649.6 -12.6 394.1
P9295__1.0__424___0 0.109060272574 177.2 389.7 177.2 614.1 10.6 614.1 10.6 389.7
P7270__1.0__0___0 0.109332419932 662.6 372.6 662.6 639.3 277.5 639.3 277.5 372.6
P4952__1.0__0___424 0.178045108914 613.2 2.0 613.2 169.7 374.3 169.7 374.3 2.0
P3095__1.0__0___424 0.173482552171 641.8 25.8 641.8 290.0 394.6 290.0 394.6 25.8
P7427__1.0__424___0 0.182932153344 240.5 375.8 240.5 644.4 -52.1 644.4 -52.1 375.8
P8666__1.0__424___424 0.154211267829 341.1 -22.2 341.1 145.7 78.8 145.7 78.8 -22.2
P9595__1.0__0___0 0.120605438948 601.2 315.6 601.2 592.4 418.7 592.4 418.7 315.6
P7392__1.0__424___424 0.112209402025 303.8 149.6 303.8 334.2 -43.8 334.2 -43.8 149.6
P5197__1.0__0___424 0.151856467128 600.6 -3.9 600.6 207.6 219.8 207.6 219.8 -3.9
P7129__1.0__0___0 0.164982527494 605.6 383.4 605.6 596.3 350.4 596.3 350.4 383.4
P6898__1.0__424___0 0.100462153554 292.6 358.2 292.6 589.5 -48.7 589.5 -48.7 358.2
P5925__1.0__0___424 0.104781225324 611.5 11.3 611.5 321.0 384.6 321.0 384.6 11.3
P10994__1.0__424___424 0.102627143264 368.7 47.1 368.7 397.0 3.5 397.0 3.5 47.1
P9295__1.0__0___424 0.115663573146 606.8 -6.2 606.8 209.8 452.7 209.8 452.7 -6.2
P5155__1.0__424___424 0.152703851461 379.2 74.3 379.2 297.2 9.2 297.2 9.2 74.3
P9595__1.0__424___424 0.150838032365 157.3 32.6 157.3 283.1 -1.5 283.1 -1.5 32.6
P4124__1.0__424___424 0.108384318650 315.2 45.1 315.2 375.1 64.9 375.1 64.9 45.1
P10105__1.0__424___0 0.155719593167 246.9 392.7 246.9 579.0 -27.0 579.0 -27.0 392.7
P5752__1.0__0___424 0.186932578683 639.0 -36.0 639.0 223.7 365.0 223.7 365.0 -36.0
P6661__1.0__0___424 0.179617032409 651.6 -24.2 651.6 227.5 328.3 227.5 328.3 -24.2
P10105__1.0__424___424 0.148182809353 229.4 -20.7 229.4 168.2 -33.5 168.2 -33.5 -20.7
P3989__1.0__424___0 0.153978705406 299.4 325.1 299.4 598.6 -71.2 598.6 -71.2 325.1
P6580__1.0__0___424 0.122535817325 643.1 -36.8 643.1 248.8 329.2 248.8 329.2 -36.8
P10442__1.0__424___424 0.103515818715 269.9 5.9 269.9 382.5 -81.7 382.5 -81.7 5.9
P9031__1.0__424___0 0.112384818494 174.2 118.4 174.2 397.6 -42.2 397.6 -42.2 118.4
P3957__1.0__0___424 0.186629354954 625.7 -6.0 625.7 185.4 354.0 185.4 354.0 -6.0
P6580__1.0__424___0 0.105995558202 254.6 350.8 254.6 605.2 -18.4 605.2 -18.4 350.8
P4526__1.0__0___0 0.150589406490 610.0 433.9 610.0 617.3 297.9 617.3 297.9 433.9
P8324__1.0__424___0 0.149096623063 336.8 361.0 336.8 602.6 -28.6 602.6 -28.6 361.0
P8324__1.0__424___0 0.128852486610 631.4 484.2 631.4 655.3 404.1 655.3 404.1 484.2
P6898__1.0__0___424 0.122390449047 598.5 -17.9 598.5 197.6 365.2 197.6 365.2 -17.9
P5728__1.0__424___424 0.101633414626 235.1 64.3 235.1 403.6 -87.0 403.6 -87.0 64.3
P6661__1.0__424___424 0.152426168323 392.7 41.0 392.7 266.3 27.4 266.3 27.4 41.0
P7484__1.0__0___0 0.152147337794 635.6 329.5 635.6 594.5 392.6 594.5 392.6 329.5
P5316__1.0__424___0 0.143096894026 241.5 448.9 241.5 570.7 34.0 570.7 34.0 448.9
P7270__1.0__424___424 0.113628566265 243.2 -36.7 243.2 160.5 0.5 160.5 0.5 -36.7
P4124__1.0__0___424 0.114577330649 604.1 67.0 604.1 320.8 423.9 320.8 423.9 67.0
P5155__1.0__0___424 0.109869681299 373.7 -66.6 373.7 214.5 14.6 214.5 14.6 -66.6
P8324__1.0__0___424 0.151725992560 506.9 -17.1 506.9 204.6 185.0 204.6 185.0 -17.1
P8324__1.0__0___424 0.106488794088 232.7 262.3 232.7 405.3 -36.6 405.3 -36.6 262.3
P10994__1.0__0___424 0.139489129186 662.0 16.1 662.0 259.8 445.7 259.8 445.7 16.1
P4083__1.0__424___0 0.114606007934 310.5 361.6 310.5 602.1 -26.2 602.1 -26.2 361.6
P2365__1.0__500___1000 0.130570024252 184.7 395.5 184.7 552.4 -5.2 552.4 -5.2 395.5
P4952__1.0__424___0 0.164165064692 244.3 426.3 244.3 593.3 -0.5 593.3 -0.5 426.3
P2942__1.0__424___424 0.124498099089 192.5 -4.6 192.5 240.3 3.5 240.3 3.5 -4.6
P4164__1.0__424___424 0.103740490973 213.5 -12.6 213.5 208.4 -9.9 208.4 -9.9 -12.6
P3810__1.0__0___424 0.144896030426 589.7 -24.7 589.7 220.4 158.7 220.4 158.7 -24.7
P4083__1.0__0___424 0.148390218616 610.5 8.3 610.5 243.8 273.7 243.8 273.7 8.3
P9016__1.0__424___424 0.179958462715 300.2 -0.8 300.2 212.4 -8.1 212.4 -8.1 -0.8
P10795__1.0__424___424 0.138542637229 413.4 -33.1 413.4 317.2 -57.0 317.2 -57.0 -33.1
P10442__1.0__0___424 0.122412107885 699.6 -12.3 699.6 400.4 296.6 400.4 296.6 -12.3
P5752__1.0__0___0 0.119384169579 663.7 364.6 663.7 654.9 372.1 654.9 372.1 364.6
P3989__1.0__0___0 0.136504203081 679.3 362.7 679.3 601.2 325.0 601.2 325.0 362.7
P9031__1.0__424___424 0.108625628054 148.7 42.4 148.7 265.7 7.6 265.7 7.6 42.4
P3367__1.0__424___0 0.123108334839 608.6 404.7 608.6 647.0 235.5 647.0 235.5 404.7
P10802__1.0__424___0 0.170761227608 571.0 341.0 571.0 662.8 73.7 662.8 73.7 341.0
P10442__1.0__0___0 0.131987929344 547.2 109.3 547.2 454.7 232.8 454.7 232.8 109.3
P10802__1.0__0___424 0.164831891656 617.9 -72.5 617.9 187.9 289.9 187.9 289.9 -72.5
P3241__1.0__424___424 0.176974803209 228.9 17.4 228.9 178.0 6.8 178.0 6.8 17.4
P6418__1.0__424___0 0.107081092894 515.0 374.8 515.0 596.9 81.1 596.9 81.1 374.8
P7129__1.0__424___424 0.140116244555 267.3 1.4 267.3 202.3 0.9 202.3 0.9 1.4
P6868__1.0__0___424 0.164440095425 596.9 23.4 596.9 187.9 382.4 187.9 382.4 23.4
P6868__1.0__0___0 0.156051918864 615.2 415.2 615.2 612.1 372.4 612.1 372.4 415.2
P9016__1.0__424___0 0.165252804756 260.0 396.5 260.0 607.0 -31.9 607.0 -31.9 396.5
P2982__1.0__0___0 0.167157232761 602.4 282.6 602.4 464.9 345.3 464.9 345.3 282.6
P3365__1.0__424___0 0.122966855764 204.7 408.3 204.7 675.1 -88.7 675.1 -88.7 408.3
P4962__1.0__0___0 0.165225312114 361.4 400.5 361.4 579.3 50.9 579.3 50.9 400.5
P3810__1.0__0___0 0.175706416368 556.3 398.3 556.3 637.1 183.9 637.1 183.9 398.3
P3367__1.0__0___424 0.106704659760 577.9 -28.9 577.9 280.7 170.3 280.7 170.3 -28.9
P5334__1.0__0___0 0.144789814949 458.1 388.9 458.1 614.8 18.6 614.8 18.6 388.9
P3032__1.0__424___424 0.149040207267 420.6 40.0 420.6 323.8 -79.9 323.8 -79.9 40.0
P3365__1.0__0___0 0.128264695406 639.7 367.0 639.7 668.8 276.3 668.8 276.3 367.0
P5546__1.0__424___424 0.130074784160 245.6 -8.9 245.6 325.1 -33.3 325.1 -33.3 -8.9
P4772__1.0__0___0 0.156304344535 677.6 408.7 677.6 635.0 294.8 635.0 294.8 408.7
P6143__1.0__424___424 0.182015359402 257.1 -30.8 257.1 226.6 -61.0 226.6 -61.0 -30.8
P10137__1.0__0___0 0.102529115975 595.6 428.3 595.6 583.4 392.1 583.4 392.1 428.3
P3407__1.0__0___424 0.126478850842 606.3 11.7 606.3 215.7 452.8 215.7 452.8 11.7
P3365__1.0__424___424 0.104759261012 248.5 -21.9 248.5 274.0 -84.4 274.0 -84.4 -21.9
P7464__1.0__0___424 0.138560548425 627.6 -24.7 627.6 228.8 360.5 228.8 360.5 -24.7
P7464__1.0__0___424 0.104441598058 234.2 -4.5 234.2 264.5 49.8 264.5 49.8 -4.5
P3989__1.0__0___424 0.126171767712 690.8 -17.5 690.8 277.0 273.5 277.0 273.5 -17.5
P6258__1.0__0___0 0.141776964068 650.8 409.1 650.8 618.8 233.8 618.8 233.8 409.1
P6258__1.0__0___0 0.111874863505 480.7 125.5 480.7 310.3 131.5 310.3 131.5 125.5
P4164__1.0__424___0 0.119006119668 215.5 400.6 215.5 627.1 -11.9 627.1 -11.9 400.6
P7270__1.0__424___0 0.146041810513 306.8 294.8 306.8 564.6 -54.8 564.6 -54.8 294.8
P5949__1.0__0___0 0.192145198584 617.4 405.1 617.4 654.6 243.0 654.6 243.0 405.1
P5949__1.0__0___0 0.156903073192 287.7 420.0 287.7 647.5 -51.8 647.5 -51.8 420.0
P4278__1.0__424___424 0.133258044720 325.7 -15.3 325.7 298.8 -41.9 298.8 -41.9 -15.3
P7484__1.0__424___0 0.146823540330 221.7 303.2 221.7 580.9 -25.5 580.9 -25.5 303.2
P7270__1.0__0___424 0.119920395315 569.8 22.9 569.8 332.9 90.2 332.9 90.2 22.9
P4962__1.0__0___424 0.171021133661 425.3 -21.9 425.3 169.3 66.8 169.3 66.8 -21.9
P6418__1.0__0___424 0.142234221101 587.9 8.0 587.9 219.8 192.6 219.8 192.6 8.0
P3817__1.0__424___424 0.142923772335 361.8 -13.9 361.8 265.8 10.6 265.8 10.6 -13.9
P3095__1.0__424___0 0.162204504013 219.0 349.5 219.0 590.5 1.0 590.5 1.0 349.5
P10251__1.0__0___0 0.117005221546 600.5 385.2 600.5 634.3 354.6 634.3 354.6 385.2
P5750__1.0__424___424 0.155747771263 309.6 -15.7 309.6 219.5 -33.3 219.5 -33.3 -15.7
P2271__1.0__4000___2500 0.123784407973 175.3 -22.9 175.3 170.6 -27.5 170.6 -27.5 -22.9
P4721__1.0__0___0 0.136003986001 642.7 401.2 642.7 626.5 369.3 626.5 369.3 401.2
P3140__1.0__0___424 0.180945664644 631.8 -20.3 631.8 191.9 372.3 191.9 372.3 -20.3
P9595__1.0__424___0 0.111501984298 180.7 312.0 180.7 596.2 -8.8 596.2 -8.8 312.0
P4492__1.0__424___0 0.125525847077 192.2 402.7 192.2 616.8 -20.8 616.8 -20.8 402.7
P5334__1.0__0___424 0.137118592858 359.3 -17.4 359.3 213.1 -34.8 213.1 -34.8 -17.4
P5316__1.0__424___424 0.118656419218 210.5 41.1 210.5 138.3 33.0 138.3 33.0 41.1
P9977__1.0__424___0 0.133267328143 181.9 356.3 181.9 623.3 -42.3 623.3 -42.3 356.3
P1398__1.0__0___5949 0.102469876409 580.8 331.4 580.8 544.4 319.2 544.4 319.2 331.4
P3140__1.0__0___0 0.173133090138 594.5 361.3 594.5 594.4 305.4 594.4 305.4 361.3
P6661__1.0__0___0 0.179619595408 654.1 350.5 654.1 661.8 334.4 661.8 334.4 350.5
P5949__1.0__424___0 0.151319667697 516.7 353.0 516.7 642.8 63.9 642.8 63.9 353.0
P5334__1.0__424___0 0.146317839622 535.4 206.0 535.4 502.0 101.1 502.0 101.1 206.0
P2993__1.0__424___0 0.120182640851 236.4 472.5 236.4 554.7 15.2 554.7 15.2 472.5
P4417__1.0__0___0 0.179272830486 552.5 421.7 552.5 621.9 227.9 621.9 227.9 421.7
P6868__1.0__424___424 0.134419485927 273.2 -25.5 273.2 197.0 -5.4 197.0 -5.4 -25.5
P6143__1.0__0___424 0.165942147374 623.1 -4.2 623.1 264.1 277.1 264.1 277.1 -4.2
P10210__1.0__0___0 0.124839782715 603.6 382.5 603.6 621.4 424.4 621.4 424.4 382.5
P3241__1.0__424___0 0.170474141836 209.3 451.7 209.3 575.4 25.9 575.4 25.9 451.7
P3957__1.0__424___0 0.188518986106 259.9 389.4 259.9 630.1 -39.8 630.1 -39.8 389.4
P6135__1.0__424___424 0.125025331974 163.3 88.6 163.3 323.1 -47.7 323.1 -47.7 88.6
P10810__1.0__424___0 0.102033466101 213.3 432.9 213.3 595.0 6.5 595.0 6.5 432.9
P4772__1.0__0___424 0.156728267670 540.5 -2.4 540.5 302.2 88.1 302.2 88.1 -2.4
P9016__1.0__0___424 0.185278996825 601.0 3.9 601.0 200.0 347.2 200.0 347.2 3.9
P9854__1.0__0___0 0.152623280883 404.7 409.3 404.7 634.7 15.7 634.7 15.7 409.3
P5750__1.0__424___0 0.169019922614 319.0 369.4 319.0 602.3 -18.6 602.3 -18.6 369.4
P10251__1.0__424___0 0.134374126792 280.6 304.8 280.6 618.8 -68.8 618.8 -68.8 304.8
P5691__1.0__424___424 0.163960576057 466.2 79.6 466.2 324.0 81.4 324.0 81.4 79.6
P4083__1.0__0___0 0.137860968709 615.0 409.3 615.0 626.6 341.2 626.6 341.2 409.3
P6580__1.0__424___424 0.142605379224 198.4 -24.9 198.4 188.4 -18.8 188.4 -18.8 -24.9
P3032__1.0__0___0 0.106824569404 456.7 188.4 456.7 430.8 50.5 430.8 50.5 188.4
P9595__1.0__0___424 0.153427541256 578.6 34.8 578.6 280.8 425.1 280.8 425.1 34.8
P4721__1.0__424___0 0.154768362641 309.2 349.1 309.2 574.4 -17.5 574.4 -17.5 349.1
P9690__1.0__0___0 0.101685799658 636.1 436.3 636.1 575.1 359.7 575.1 359.7 436.3
P9295__1.0__0___0 0.155864492059 588.9 379.3 588.9 600.2 422.8 600.2 422.8 379.3
P4721__1.0__424___424 0.144496798515 232.0 -41.5 232.0 181.4 -19.7 181.4 -19.7 -41.5
P5197__1.0__424___424 0.160494744778 333.8 16.9 333.8 202.5 -9.6 202.5 -9.6 16.9
P4492__1.0__424___424 0.127018988132 188.5 0.5 188.5 234.8 -1.0 234.8 -1.0 0.5
P9690__1.0__0___424 0.144436582923 616.9 25.7 616.9 145.1 362.5 145.1 362.5 25.7
P3932__1.0__424___424 0.103662773967 188.0 -10.8 188.0 198.7 31.7 198.7 31.7 -10.8
P4772__1.0__424___0 0.180410593748 335.2 368.4 335.2 635.7 -82.7 635.7 -82.7 368.4
P4278__1.0__0___0 0.119813062251 690.3 291.6 690.3 656.2 225.8 656.2 225.8 291.6
P3817__1.0__424___0 0.148199513555 399.8 404.6 399.8 559.1 195.3 559.1 195.3 404.6
P3817__1.0__424___0 0.124471202493 239.9 407.4 239.9 644.6 -19.9 644.6 -19.9 407.4
P5752__1.0__424___0 0.158434495330 246.4 385.4 246.4 642.3 -26.8 642.3 -26.8 385.4
P3365__1.0__0___424 0.124958276749 688.4 -31.2 688.4 282.8 267.7 282.8 267.7 -31.2
P5949__1.0__424___424 0.171511679888 486.6 -56.6 486.6 220.3 93.9 220.3 93.9 -56.6
P9977__1.0__424___424 0.130706444383 269.9 -7.4 269.9 291.3 -9.8 291.3 -9.8 -7.4
P5078__1.0__424___0 0.202568262815 202.1 419.0 202.1 624.3 9.2 624.3 9.2 419.0
P9169__1.0__0___424 0.162826210260 611.7 -24.7 611.7 236.3 416.2 236.3 416.2 -24.7
P5155__1.0__0___0 0.158328428864 413.5 261.8 413.5 510.1 -24.9 510.1 -24.9 261.8
P3817__1.0__0___424 0.100594006479 652.3 44.3 652.3 239.8 391.6 239.8 391.6 44.3
P2385__1.0__1000___0 0.105959706008 351.1 -26.4 351.1 270.5 -50.8 270.5 -50.8 -26.4
P4164__1.0__0___424 0.171211346984 647.7 -37.8 647.7 217.4 372.3 217.4 372.3 -37.8
P4265__1.0__424___0 0.117144972086 228.6 403.5 228.6 632.4 63.1 632.4 63.1 403.5
P10795__1.0__424___0 0.105561621487 448.1 322.4 448.1 641.4 -60.0 641.4 -60.0 322.4
P5949__1.0__0___424 0.188006907701 635.8 -25.4 635.8 245.3 240.9 245.3 240.9 -25.4
P5949__1.0__0___424 0.138226792216 299.5 14.9 299.5 220.5 -63.5 220.5 -63.5 14.9
P8324__1.0__0___0 0.170532003045 524.5 400.6 524.5 634.9 183.3 634.9 183.3 400.6
P4526__1.0__424___0 0.134448572993 292.4 462.6 292.4 621.0 15.6 621.0 15.6 462.6
P10802__1.0__424___424 0.173774972558 566.5 -10.1 566.5 277.7 110.0 277.7 110.0 -10.1
P10251__1.0__0___424 0.105408102274 624.9 -7.6 624.9 307.5 243.4 307.5 243.4 -7.6
P6135__1.0__0___0 0.150452107191 605.1 393.5 605.1 561.9 302.9 561.9 302.9 393.5
P2912__1.0__424___0 0.167494222522 400.0 404.2 400.0 551.0 155.4 551.0 155.4 404.2
P4918__1.0__0___0 0.112903781235 612.4 380.5 612.4 607.3 351.6 607.3 351.6 380.5
P4957__1.0__424___424 0.120030432940 555.1 40.3 555.1 403.6 185.3 403.6 185.3 40.3
P4492__1.0__0___0 0.128244057298 594.9 404.4 594.9 622.9 392.7 622.9 392.7 404.4
P3367__1.0__424___424 0.126062035561 604.3 28.4 604.3 359.1 95.6 359.1 95.6 28.4
P4417__1.0__424___0 0.199603632092 328.9 362.3 328.9 633.7 -12.3 633.7 -12.3 362.3
P5316__1.0__0___424 0.143136620522 567.2 11.1 567.2 152.3 316.5 152.3 316.5 11.1
P3095__1.0__0___0 0.159242674708 627.2 341.4 627.2 598.1 408.8 598.1 408.8 341.4
P7427__1.0__0___0 0.176256805658 651.5 351.2 651.5 620.8 352.9 620.8 352.9 351.2
P2721__1.0__2500___0 0.116027295589 170.6 93.6 170.6 326.4 9.2 326.4 9.2 93.6
P2993__1.0__0___424 0.136154800653 622.1 10.6 622.1 168.9 309.8 168.9 309.8 10.6
P3367__1.0__0___0 0.133304327726 459.9 395.7 459.9 624.0 167.9 624.0 167.9 395.7
P2724__1.0__3000___1000 0.135583505034 553.3 -2.6 553.3 214.4 242.8 214.4 242.8 -2.6
P6669__1.0__0___0 0.183312281966 479.3 425.5 479.3 697.9 172.6 697.9 172.6 425.5
P5750__1.0__0___0 0.136041656137 603.0 430.7 603.0 637.1 249.1 637.1 249.1 430.7
P9866__1.0__0___0 0.177110254765 628.2 397.7 628.2 613.6 343.5 613.6 343.5 397.7
P3241__1.0__0___0 0.185811579227 637.6 411.7 637.6 608.2 366.8 608.2 366.8 411.7
P7484__1.0__0___424 0.152767971158 612.7 -21.1 612.7 256.9 359.5 256.9 359.5 -21.1
P2724__1.0__2500___0 0.111567266285 637.4 460.2 637.4 639.6 358.6 639.6 358.6 460.2
P3957__1.0__424___424 0.179811805487 258.8 -9.2 258.8 221.1 -30.6 221.1 -30.6 -9.2
P6357__1.0__0___0 0.136202558875 593.7 406.2 593.7 621.9 434.3 621.9 434.3 406.2
P4962__1.0__424___0 0.152404710650 550.9 414.9 550.9 628.8 189.3 628.8 189.3 414.9
P4952__1.0__0___0 0.181877434254 622.2 419.5 622.2 600.3 365.4 600.3 365.4 419.5
P6135__1.0__0___424 0.172412753105 590.8 24.1 590.8 307.5 309.3 307.5 309.3 24.1
P4055__1.0__424___424 0.157587796450 217.3 20.2 217.3 263.1 -29.8 263.1 -29.8 20.2
P5728__1.0__0___0 0.103835627437 626.3 272.6 626.3 571.1 329.4 571.1 329.4 272.6
P4962__1.0__424___424 0.154257535934 355.3 -12.4 355.3 200.4 1.0 200.4 1.0 -12.4
P5691__1.0__0___0 0.124394252896 478.9 101.8 478.9 293.9 189.2 293.9 189.2 101.8
