P1397__1.0__6500___2500 0.131157428026 81.6 55.6 81.6 85.1 51.0 85.1 51.0 55.6
P1508__1.0__500___1500 0.120167493820 655.0 462.0 565.6 537.2 509.8 428.7 599.3 353.4
P1384__1.0__2000___1000 0.100928485394 35.3 543.1 35.3 564.9 15.2 564.9 15.2 543.1
P0654__1.0__544___628 0.315259099007 569.8 411.3 530.2 445.5 467.4 416.4 506.9 382.2
P1483__1.0__500___1299 0.285196572542 549.2 78.0 549.2 237.6 447.1 237.6 447.1 78.0
P1483__1.0__500___1299 0.255218476057 303.0 170.8 253.6 277.2 189.4 199.8 238.8 93.4
P2570__1.0__500___865 0.183684512973 53.9 180.5 53.9 230.9 14.7 230.9 14.7 180.5
P1397__1.0__2500___500 0.306721746922 517.0 192.8 517.0 227.0 510.9 227.0 510.9 192.8
P1397__1.0__2500___500 0.270650953054 533.0 193.3 533.0 226.3 525.3 226.3 525.3 193.3
P1397__1.0__2500___500 0.237424328923 542.0 193.9 542.0 226.1 534.9 226.1 534.9 193.9
P1397__1.0__2500___500 0.235706299543 452.7 194.4 452.7 225.4 446.5 225.4 446.5 194.4
P1397__1.0__2500___500 0.234915792942 505.8 192.2 505.8 227.5 497.7 227.5 497.7 192.2
P1397__1.0__2500___500 0.228556513786 464.9 192.2 464.9 227.3 459.3 227.3 459.3 192.2
P1397__1.0__2500___500 0.225523352623 557.2 193.5 557.2 226.5 550.7 226.5 550.7 193.5
P1397__1.0__2500___500 0.217583626509 489.7 194.3 489.7 225.0 484.1 225.0 484.1 194.3
P1397__1.0__2500___500 0.198654264212 477.9 186.1 477.9 225.8 470.9 225.8 470.9 186.1
P1397__1.0__2500___500 0.197144687176 582.4 199.8 582.4 227.8 575.7 227.8 575.7 199.8
P1397__1.0__2500___500 0.173178330064 568.5 200.3 568.5 227.2 564.3 227.2 564.3 200.3
P1397__1.0__2500___500 0.170372098684 594.3 198.8 594.3 229.0 587.8 229.0 587.8 198.8
P1397__1.0__2500___500 0.135664671659 440.2 196.0 440.2 223.0 433.7 223.0 433.7 196.0
P1147__1.0__4000___500 0.100796133280 570.0 447.9 554.9 474.4 513.9 451.6 529.0 425.2
P2220__1.0__500___263 0.101740404963 302.1 387.6 293.3 394.5 285.9 384.3 294.8 377.5
P1384__1.0__1500___1500 0.130396783352 32.7 476.5 28.4 491.1 10.1 486.3 14.4 471.7
P1384__1.0__1500___1500 0.114489562809 582.1 441.9 579.6 461.1 555.6 458.1 558.1 438.9
P1384__1.0__1500___1500 0.109061814845 446.2 550.7 427.7 565.6 412.7 550.9 431.2 535.9
P1384__1.0__1500___1500 0.105302527547 29.9 296.0 21.6 310.0 5.4 300.7 13.7 286.8
P1384__1.0__1500___1500 0.102703154087 554.7 440.2 550.7 456.0 528.1 450.8 532.2 435.0
P1384__1.0__1500___1500 0.100485883653 581.1 53.0 581.1 71.9 564.6 71.9 564.6 53.0
P1384__1.0__2000___2500 0.115699447691 35.0 56.7 26.0 63.8 16.6 51.9 25.7 44.7
P1384__1.0__2000___2500 0.102217443287 67.2 59.8 57.6 68.5 46.4 55.6 56.1 46.9
P1397__1.0__0___2500 0.239990979433 434.6 28.4 434.6 95.3 394.1 95.3 394.1 28.4
P1397__1.0__0___2500 0.238036394119 589.2 27.3 589.2 88.7 550.5 88.7 550.5 27.3
P1397__1.0__0___2500 0.135173961520 487.7 27.7 487.7 97.1 445.1 97.1 445.1 27.7
P1397__1.0__0___2500 0.133702725172 540.5 28.7 540.5 95.4 495.5 95.4 495.5 28.7
P1397__1.0__6500___500 0.109197512269 326.0 274.5 326.0 304.6 277.4 304.6 277.4 274.5
P1398__1.0__3454___0 0.112165883183 601.5 413.1 601.5 470.3 555.1 470.3 555.1 413.1
P1854__1.0__9000___0 0.126734107733 594.8 586.5 576.5 606.8 561.5 593.6 579.8 573.4
P2791__1.0__4412___4000 0.259671628475 306.1 391.0 231.3 469.2 186.4 405.2 261.3 326.9
P2791__1.0__4412___4000 0.224854812026 115.2 225.6 38.0 320.0 9.5 250.8 86.8 156.3
P1397__1.0__1000___1000 0.208629012108 470.7 32.9 470.7 83.6 437.4 83.6 437.4 32.9
P1483__1.0__500___1000 0.344831764698 561.7 368.7 561.7 554.4 441.5 554.4 441.5 368.7
P1483__1.0__500___1000 0.232891798019 315.8 394.9 315.8 576.0 176.1 576.0 176.1 394.9
P2570__1.0__0___865 0.101460941136 547.6 204.5 540.4 220.4 521.2 206.7 528.5 190.7
P1384__1.0__5000___1000 0.109335698187 581.0 518.5 543.8 538.1 534.7 508.5 571.9 488.8
P1854__1.0__7000___1500 0.124631375074 505.7 442.9 493.3 501.8 410.3 471.8 422.7 412.9
P1134__1.0__1000___500 0.104270808399 120.3 473.7 56.8 566.7 -19.7 488.7 43.8 395.7
P1397__1.0__0___2000 0.349966347218 547.2 197.9 547.2 286.0 513.4 286.0 513.4 197.9
P1397__1.0__0___2000 0.203558683395 473.8 -14.0 473.8 33.8 433.2 33.8 433.2 -14.0
P1397__1.0__0___2000 0.194717675447 433.3 525.5 433.3 591.0 395.0 591.0 395.0 525.5
P1397__1.0__0___2000 0.172713369131 590.0 525.7 590.0 582.3 549.3 582.3 549.3 525.7
P1397__1.0__0___2000 0.164366424084 551.4 -9.2 551.4 45.0 517.0 45.0 517.0 -9.2
P1397__1.0__0___2000 0.124618746340 489.9 530.5 489.9 593.1 448.7 593.1 448.7 530.5
P1397__1.0__0___2000 0.108797259629 537.2 529.2 537.2 587.4 498.7 587.4 498.7 529.2
P0179__1.0__4174___3500 0.292061328888 446.0 192.8 446.0 347.4 381.6 347.4 381.6 192.8
P1179__1.0__5500___500 0.110806562006 450.1 209.0 450.1 274.5 425.1 274.5 425.1 209.0
P1854__1.0__1500___1000 0.106388844550 21.8 530.2 21.8 561.6 -2.9 561.6 -2.9 530.2
P1376__1.0__1500___3500 0.168347597122 130.5 58.3 105.1 79.3 89.0 48.5 114.3 27.4
P1940__1.0__500___0 0.228045344353 563.1 -12.0 563.1 39.5 504.6 39.5 504.6 -12.0
P1397__1.0__2000___2866 0.132638722658 356.7 254.3 356.7 292.8 311.5 292.8 311.5 254.3
P1397__1.0__6000___1000 0.110623531044 21.2 3.7 21.2 23.9 -1.4 23.9 -1.4 3.7
P1397__1.0__6000___1000 0.107450984418 45.6 408.9 45.6 435.6 22.7 435.6 22.7 408.9
P2570__1.0__500___500 0.220750749111 49.8 574.4 36.7 584.4 26.2 564.7 39.3 554.6
P1397__1.0__2500___1500 0.123289152980 257.0 576.1 257.0 603.8 226.8 603.8 226.8 576.1
P1007__1.0__0___0 0.134617000818 597.6 48.1 597.6 91.9 581.4 91.9 581.4 48.1
P1452__1.0__268___0 0.129089489579 595.2 86.9 595.2 124.6 560.1 124.6 560.1 86.9
P0961__1.0__3500___500 0.124597288668 598.9 434.4 598.9 457.4 581.7 457.4 581.7 434.4
P1149__1.0__1000___2500 0.117823116481 404.7 291.8 256.1 479.4 160.8 351.2 309.4 163.6
P5155__1.0__424___0 0.100663028657 46.6 224.0 32.8 231.6 21.1 218.0 34.9 210.4
P0651__1.0__0___0 0.167828068137 107.6 35.9 77.4 60.9 40.7 32.7 70.9 7.7
P1483__1.0__1000___1000 0.104670658708 79.4 481.0 -11.6 502.3 -19.2 419.2 71.8 397.9
P1397__1.0__2500___2500 0.144439280033 47.2 306.9 42.3 319.9 13.0 305.0 17.9 292.1
P1397__1.0__2500___2500 0.102899663150 548.2 539.6 548.2 569.1 512.0 569.1 512.0 539.6
P1397__1.0__500___1000 0.220264852047 157.6 171.4 157.6 296.1 102.1 296.1 102.1 171.4
P1397__1.0__500___1000 0.219855278730 229.1 177.7 229.1 289.9 175.0 289.9 175.0 177.7
P1397__1.0__500___1000 0.218739762902 300.2 171.6 300.2 296.1 248.5 296.1 248.5 171.6
P1397__1.0__500___1000 0.185133099556 87.5 172.9 87.5 294.6 20.7 294.6 20.7 172.9
P1397__1.0__500___1000 0.180758282542 185.4 222.3 185.4 293.8 155.3 293.8 155.3 222.3
P1397__1.0__500___1000 0.119275800884 258.3 230.3 258.3 294.7 233.8 294.7 233.8 230.3
P0004__1.0__0___864 0.100931726396 339.2 316.6 339.2 487.9 304.2 487.9 304.2 316.6
P1397__1.0__500___2000 0.435653746128 139.9 531.5 139.9 591.9 111.8 591.9 111.8 531.5
P1397__1.0__500___2000 0.345711171627 440.0 184.5 440.0 259.2 419.7 259.2 419.7 184.5
P1397__1.0__500___2000 0.306169182062 282.6 182.9 282.6 268.9 257.0 268.9 257.0 182.9
P1397__1.0__500___2000 0.294229745865 383.2 -8.2 383.2 43.4 356.1 43.4 356.1 -8.2
P1397__1.0__500___2000 0.273564785719 88.7 524.0 88.7 584.3 51.5 584.3 51.5 524.0
P1397__1.0__500___2000 0.258820831776 365.8 177.1 365.8 250.2 333.2 250.2 333.2 177.1
P1397__1.0__500___2000 0.258004873991 572.5 114.7 572.5 201.4 535.8 201.4 535.8 114.7
P1397__1.0__500___2000 0.254611939192 113.1 539.7 113.1 576.3 91.1 576.3 91.1 539.7
P1397__1.0__500___2000 0.220636904240 522.3 178.9 522.3 225.2 497.8 225.2 497.8 178.9
P1397__1.0__500___2000 0.216388717294 134.7 -10.4 134.7 37.8 101.2 37.8 101.2 -10.4
P1397__1.0__500___2000 0.206582054496 45.5 201.5 45.5 282.5 15.2 282.5 15.2 201.5
P1397__1.0__500___2000 0.205592662096 55.8 -8.4 55.8 44.5 28.1 44.5 28.1 -8.4
P1397__1.0__500___2000 0.134756311774 38.2 530.7 38.2 585.7 4.7 585.7 4.7 530.7
P0079__1.0__0___35 0.115951441228 141.6 341.9 130.4 387.9 20.8 342.3 32.0 296.2
P1410__1.0__4736___5352 0.110014818609 447.9 434.8 447.9 464.0 427.7 464.0 427.7 434.8
P2242__1.0__1500___0 0.127477124333 588.3 480.2 588.3 516.4 526.9 516.4 526.9 480.2
P1397__1.0__5500___2000 0.147670164704 509.3 539.8 509.3 560.0 495.8 560.0 495.8 539.8
P1397__1.0__6000___2500 0.193902611732 583.0 53.5 583.0 87.1 549.5 87.1 549.5 53.5
P1384__1.0__2000___1500 0.117358312011 134.9 519.5 128.0 535.9 108.0 531.1 114.9 514.7
P1384__1.0__2000___1500 0.105969563127 34.2 47.3 31.0 65.5 16.1 61.5 19.2 43.3
P1384__1.0__2000___1500 0.101421527565 172.5 72.5 168.2 87.8 157.9 84.2 162.2 68.8
P1940__1.0__759___0 0.146969884634 300.4 -8.5 300.4 35.9 247.8 35.9 247.8 -8.5
P1995__1.0__0___495 0.100780040026 31.1 457.6 31.1 498.4 4.8 498.4 4.8 457.6
P1390__1.0__4000___2498 0.539092361927 240.3 364.6 240.3 471.4 194.8 471.4 194.8 364.6
P1390__1.0__4000___2498 0.517710924149 255.9 371.1 255.9 432.4 234.7 432.4 234.7 371.1
P1390__1.0__4000___2498 0.500674545765 413.2 372.8 413.2 446.3 383.8 446.3 383.8 372.8
P1390__1.0__4000___2498 0.497223138809 161.2 371.8 161.2 431.5 139.2 431.5 139.2 371.8
P1390__1.0__4000___2498 0.494058310986 297.3 368.4 297.3 451.3 260.0 451.3 260.0 368.4
P1390__1.0__4000___2498 0.479894071817 318.6 368.3 318.6 427.4 294.7 427.4 294.7 368.3
P1390__1.0__4000___2498 0.467256367207 196.7 362.5 196.7 441.9 167.1 441.9 167.1 362.5
P1397__1.0__7500___2500 0.102066837251 599.2 16.5 599.2 51.3 582.2 51.3 582.2 16.5
P1529__1.0__1500___1000 0.175349518657 207.7 508.9 164.5 619.4 84.9 574.2 128.1 463.6
P1854__1.0__1500___3000 0.123448878527 142.7 521.3 142.7 570.7 93.3 570.7 93.3 521.3
P1410__1.0__2500___5000 0.146975621581 590.9 186.5 590.9 240.7 540.8 240.7 540.8 186.5
P1134__1.0__500___1000 0.177876338363 579.9 504.6 519.4 575.6 487.8 515.4 548.4 444.5
P2242__1.0__500___0 0.147017598152 606.9 297.4 606.9 346.3 571.9 346.3 571.9 297.4
P1384__1.0__1500___1000 0.116174533963 582.7 551.7 582.7 572.7 563.0 572.7 563.0 551.7
P2488__1.0__1500___0 0.112245798111 69.9 27.1 61.8 36.4 45.3 23.5 53.3 14.3
P0168__1.0__1500___1000 0.138781175017 169.3 95.6 148.7 124.9 115.3 99.4 135.9 70.2
P0168__1.0__1500___1000 0.126470327377 184.2 20.0 154.8 35.1 140.6 5.5 170.1 -9.6
P2230__1.0__1000___558 0.109418101609 266.6 134.4 260.5 147.3 240.5 141.6 246.6 128.7
P1122__1.0__1500___2472 0.114154331386 74.8 476.6 74.8 583.0 -22.7 583.0 -22.7 476.6
P0654__1.0__500___500 0.227444350719 602.4 515.2 602.4 560.9 513.0 560.9 513.0 515.2
P1149__1.0__2500___500 0.288288235664 241.0 45.3 156.9 140.2 51.3 21.4 135.4 -73.5
P0003__1.0__0___0 0.100076578557 493.5 31.5 493.5 69.0 414.3 69.0 414.3 31.5
P0004__1.0__224___864 0.132428973913 116.7 320.9 116.7 483.4 79.2 483.4 79.2 320.9
P2236__1.0__658___0 0.169156804681 471.0 452.2 458.3 485.8 437.3 480.2 450.0 446.6
P0217__1.0__965___0 0.122489638627 345.7 414.9 306.1 429.5 289.3 389.0 329.0 374.5
P1397__1.0__1000___2000 0.321520358324 72.4 116.6 72.4 199.4 36.4 199.4 36.4 116.6
P1397__1.0__1000___2000 0.317243367434 267.6 143.1 267.6 228.9 232.4 228.9 232.4 143.1
P1397__1.0__1000___2000 0.266887784004 431.6 106.4 431.6 218.0 388.4 218.0 388.4 106.4
P1397__1.0__1000___2000 0.240940839052 180.8 167.9 180.8 243.5 159.3 243.5 159.3 167.9
P1397__1.0__1000___2000 0.236012071371 349.6 141.5 349.6 229.5 318.6 229.5 318.6 141.5
P1397__1.0__1000___2000 0.203270822763 387.7 92.8 387.7 175.3 358.4 175.3 358.4 92.8
P1397__1.0__1000___2000 0.145084336400 107.9 173.0 107.9 246.7 80.1 246.7 80.1 173.0
P1397__1.0__1000___2000 0.131396219134 267.7 519.6 267.7 589.5 232.6 589.5 232.6 519.6
P1397__1.0__1000___2000 0.130915969610 36.0 175.1 36.0 244.8 -8.1 244.8 -8.1 175.1
P1397__1.0__1000___2000 0.110888317227 513.2 115.8 513.2 200.7 474.4 200.7 474.4 115.8
P1397__1.0__7774___1000 0.170438185334 536.6 445.8 536.6 573.8 514.1 573.8 514.1 445.8
P1149__1.0__2000___500 0.233625382185 318.4 384.6 207.1 489.3 110.1 346.3 221.4 241.6
P1149__1.0__2000___500 0.220980033278 170.8 506.6 76.5 668.9 -44.9 552.5 49.3 390.2
P1149__1.0__2000___500 0.213856428862 580.4 204.5 469.7 343.6 320.3 190.2 430.9 51.1
P1397__1.0__0___1000 0.249777331948 592.1 170.9 592.1 296.8 515.9 296.8 515.9 170.9
P1397__1.0__0___1000 0.139586165547 521.3 221.3 521.3 286.0 497.5 286.0 497.5 221.3
P2082__1.0__335___500 0.251275688410 374.5 23.7 374.5 68.3 357.8 68.3 357.8 23.7
P2082__1.0__335___500 0.219556033611 408.7 28.0 408.7 71.2 393.8 71.2 393.8 28.0
P1134__1.0__1000___1000 0.204644471407 79.6 500.3 20.1 573.4 -11.6 519.6 47.9 446.5
P2027__1.0__0___0 0.101236999035 49.7 439.0 49.7 477.0 26.7 477.0 26.7 439.0
P2791__1.0__1000___2500 0.110469669104 233.5 210.0 184.0 250.2 146.2 226.5 195.8 186.3
P2791__1.0__4412___3500 0.170413717628 358.1 453.1 332.4 477.8 277.3 421.0 303.0 396.3
P2689__1.0__3000___1500 0.105012580752 329.7 35.3 300.9 47.5 290.5 23.8 319.3 11.7
P1854__1.0__1500___3500 0.106626987457 143.2 16.6 143.2 67.6 93.0 67.6 93.0 16.6
P1007__1.0__5000___500 0.116971798241 153.2 520.2 153.2 548.1 138.4 548.1 138.4 520.2
P1397__1.0__3000___2866 0.148462966084 335.2 72.2 335.2 108.0 252.4 108.0 252.4 72.2
P1384__1.0__2500___2500 0.119297653437 129.0 396.4 120.2 427.8 104.9 424.7 113.7 393.3
P1384__1.0__2500___2500 0.114399127662 131.8 368.2 125.9 397.2 111.8 395.4 117.7 366.5
P1384__1.0__2500___2500 0.109568305314 168.2 555.6 165.1 571.5 154.1 567.4 157.2 551.5
P1384__1.0__2500___2500 0.105363503098 200.1 383.5 194.8 406.8 180.9 403.6 186.2 380.3
P0086__1.0__0___883 0.101220592856 604.9 51.6 604.9 80.2 574.9 80.2 574.9 51.6
P2271__1.0__0___1500 0.113790802658 550.8 59.9 539.2 72.6 509.9 39.5 521.6 26.8
P1376__1.0__500___2500 0.124741867185 388.6 329.8 371.1 349.9 351.0 328.9 368.6 308.8
P1992__1.0__562___500 0.103387951851 307.0 551.6 307.0 588.4 273.5 588.4 273.5 551.6
P1390__1.0__0___2000 0.157835498452 72.5 525.3 72.5 590.1 18.9 590.1 18.9 525.3
P1390__1.0__0___2000 0.109624914825 123.1 546.2 123.1 593.6 88.6 593.6 88.6 546.2
P1390__1.0__0___2000 0.108003884554 87.3 574.7 87.3 598.5 69.9 598.5 69.9 574.7
P1854__1.0__11000___500 0.107025980949 491.4 38.2 469.9 76.7 448.4 45.2 469.9 6.8
P1101__1.0__341___0 0.131671205163 481.3 -7.9 481.3 28.0 443.0 28.0 443.0 -7.9
P1397__1.0__7500___2000 0.269217461348 471.3 302.2 471.3 333.6 445.9 333.6 445.9 302.2
P1397__1.0__7500___2000 0.114700146019 457.1 335.7 452.6 352.5 444.5 347.8 449.0 331.0
P1397__1.0__7500___2000 0.105567723513 476.3 282.1 475.9 294.3 462.7 290.2 463.1 277.9
P2271__1.0__1500___1500 0.138149470091 32.6 225.0 25.2 236.2 9.9 225.8 17.3 214.6
P1410__1.0__4000___1000 0.100145362318 231.7 490.0 231.7 512.9 221.1 512.9 221.1 490.0
P1397__1.0__1000___2866 0.612126171589 506.7 3.2 506.7 72.5 482.2 72.5 482.2 3.2
P1397__1.0__1000___2866 0.576861262321 415.2 -7.2 415.2 75.4 388.8 75.4 388.8 -7.2
P1397__1.0__1000___2866 0.542675793171 596.4 -11.3 596.4 79.4 561.1 79.4 561.1 -11.3
P1397__1.0__1000___2866 0.542547404766 522.9 -5.9 522.9 73.8 503.8 73.8 503.8 -5.9
P1397__1.0__1000___2866 0.518359601498 448.7 1.1 448.7 75.1 419.1 75.1 419.1 1.1
P1397__1.0__1000___2866 0.497717469931 344.9 -8.1 344.9 75.9 307.3 75.9 307.3 -8.1
P1397__1.0__1000___2866 0.486079931259 370.4 1.7 370.4 65.4 345.3 65.4 345.3 1.7
P1397__1.0__1000___2866 0.482602417469 560.7 0.0 560.7 75.9 531.4 75.9 531.4 0.0
P1397__1.0__1000___2866 0.330525398254 309.4 -2.5 309.4 70.2 270.8 70.2 270.8 -2.5
P1397__1.0__1000___2866 0.171123266220 190.9 1.0 190.9 68.2 157.3 68.2 157.3 1.0
P1397__1.0__1000___2866 0.127468392253 239.8 7.4 239.8 76.7 188.2 76.7 188.2 7.4
P1508__1.0__972___500 0.163931071758 216.1 405.3 100.0 561.3 13.7 461.1 129.8 305.1
P2256__1.0__0___0 0.103018499911 304.7 92.9 302.8 115.9 274.6 111.7 276.5 88.7
P2802__1.0__1500___1000 0.154501110315 249.5 531.7 239.6 545.6 226.4 535.3 236.3 521.3
P2802__1.0__1500___1000 0.114746093750 255.2 578.0 249.2 590.9 237.8 585.3 243.7 572.4
P1149__1.0__1500___1000 0.191786214709 158.5 449.7 50.9 584.0 -49.7 441.4 57.9 307.0
P1149__1.0__1500___1000 0.189315751195 438.9 247.4 316.4 383.0 198.3 219.4 320.8 83.7
P1149__1.0__1500___1000 0.173504695296 621.0 35.0 525.0 130.0 439.2 15.9 535.1 -79.1
P7746__1.0__424___424 0.110133081675 55.3 517.4 17.1 557.0 -11.0 528.7 27.2 489.1
P0019__1.0__5500___3000 0.164006158710 607.7 502.4 607.7 621.4 524.5 621.4 524.5 502.4
P0213__1.0__500___1012 0.108264565468 290.8 106.5 275.6 115.7 249.0 65.1 264.2 55.8
P0168__1.0__1000___1000 0.242255404592 495.1 28.6 448.2 47.4 429.2 -1.5 476.2 -20.3
P0168__1.0__1000___1000 0.216194778681 476.0 59.0 438.3 82.8 416.0 41.5 453.8 17.6
P2570__1.0__0___500 0.113799534738 549.6 554.5 549.6 585.5 518.7 585.5 518.7 554.5
P1410__1.0__3500___1000 0.135915681720 522.3 578.6 522.3 601.1 504.1 601.1 504.1 578.6
P1390__1.0__0___2498 0.201320841908 129.0 43.1 129.0 160.6 91.0 160.6 91.0 43.1
P1397__1.0__7774___1500 0.182445615530 57.7 253.7 57.7 311.4 1.7 311.4 1.7 253.7
P0168__1.0__1000___500 0.154877528548 476.7 565.2 436.0 584.3 415.5 541.2 456.2 522.0
P1397__1.0__7774___2000 0.174336805940 195.5 305.9 195.5 329.6 177.9 329.6 177.9 305.9
P1397__1.0__7774___2000 0.173241689801 457.1 536.6 457.1 603.0 435.4 603.0 435.4 536.6
P1397__1.0__7774___2000 0.109344676137 200.8 286.6 200.8 309.2 186.1 309.2 186.1 286.6
P1397__1.0__7774___2000 0.109294466674 347.2 573.2 347.2 599.6 327.7 599.6 327.7 573.2
P1149__1.0__1000___3514 0.208377227187 660.4 269.5 546.7 445.8 408.5 333.7 522.2 157.4
P2271__1.0__1500___1000 0.202915579081 238.9 393.7 222.0 406.8 204.6 376.9 221.6 363.8
P2271__1.0__1500___1000 0.193355053663 123.0 439.1 113.2 473.5 81.0 459.4 90.8 425.0
P5789__1.0__18500___15000 0.108459427953 601.8 316.9 536.2 347.3 513.6 294.0 579.2 263.7
P0964__1.0__500___551 0.137785270810 425.6 528.9 425.6 586.8 401.2 586.8 401.2 528.9
P1410__1.0__2500___3500 0.129296183586 490.4 353.1 490.4 385.9 441.4 385.9 441.4 353.1
P1384__1.0__2500___1500 0.122945442796 234.9 513.3 230.8 519.9 216.3 512.9 220.5 506.4
P1149__1.0__2000___1000 0.185006856918 174.3 5.7 66.4 168.6 -18.4 93.8 89.5 -69.1
P2271__1.0__500___1500 0.110816679895 53.8 60.6 39.0 75.2 6.8 38.6 21.7 24.0
P1397__1.0__2000___2500 0.117973253131 529.3 7.1 529.3 76.8 474.0 76.8 474.0 7.1
P1397__1.0__7500___500 0.158549681306 567.1 460.8 567.1 502.8 557.7 502.8 557.7 460.8
P2271__1.0__4000___1000 0.122245766222 497.6 547.4 497.6 600.9 450.6 600.9 450.6 547.4
P2271__1.0__4000___1000 0.100878015161 170.4 529.2 171.2 551.1 137.9 546.2 137.0 524.3
P1397__1.0__1500___500 0.129062578082 443.4 287.7 443.4 309.2 416.4 309.2 416.4 287.7
P1390__1.0__2500___1500 0.118175745010 474.6 -13.0 474.6 24.6 432.9 24.6 432.9 -13.0
P1154__1.0__0___3128 0.135863959789 557.6 197.8 425.1 357.2 271.9 196.6 404.4 37.3
P2231__1.0__500___500 0.109139889479 43.5 40.2 43.5 76.1 31.2 76.1 31.2 40.2
P1384__1.0__2000___2000 0.212562769651 255.4 31.8 251.3 53.3 221.4 50.4 225.5 29.0
P1384__1.0__2000___2000 0.175365909934 234.2 35.5 218.2 50.3 201.6 40.5 217.5 25.7
P1384__1.0__2000___2000 0.133701071143 279.8 44.0 275.2 59.6 251.4 54.6 256.0 38.9
P1384__1.0__2000___2000 0.123665310442 199.9 91.2 194.5 103.7 177.1 96.8 182.5 84.3
P1384__1.0__2000___2000 0.116862379014 26.6 208.9 20.9 224.8 8.2 218.3 14.0 202.4
P1384__1.0__2000___2000 0.116350181401 49.7 86.6 47.2 111.1 26.9 108.7 29.4 84.2
P1384__1.0__2000___2000 0.113971158862 562.2 334.3 557.6 353.0 544.6 348.7 549.2 330.1
P1384__1.0__2000___2000 0.107560202479 213.0 224.0 200.5 231.5 188.6 213.2 201.0 205.7
P1384__1.0__2000___2000 0.107208050787 588.5 411.7 578.0 422.7 565.9 414.0 576.4 403.0
P1384__1.0__2000___2000 0.106345698237 36.2 556.3 26.7 564.6 16.0 552.8 25.5 544.4
P1854__1.0__8500___1000 0.127817884088 545.4 561.2 545.4 578.3 523.1 578.3 523.1 561.2
P1154__1.0__500___3000 0.118895173073 312.6 94.2 159.0 214.1 76.1 67.7 229.6 -52.2
P1179__1.0__2000___1000 0.147602304816 318.0 278.3 280.2 335.5 254.4 318.3 292.2 261.1
P0262__1.0__500___1838 0.125599384308 274.1 28.8 274.1 47.9 241.9 47.9 241.9 28.8
P2791__1.0__2000___3500 0.121474623680 627.5 142.6 573.2 220.2 544.0 173.6 598.3 96.0
P2689__1.0__5000___1000 0.102128803730 57.9 184.1 14.0 190.2 10.4 155.9 54.2 149.8
P1508__1.0__972___1500 0.173281073570 413.0 436.0 307.2 550.9 254.6 455.0 360.3 340.1
P1508__1.0__972___1500 0.163399502635 221.7 437.2 100.9 576.9 22.6 469.2 143.4 329.5
P1149__1.0__2521___0 0.260151326656 647.6 71.4 548.8 204.4 413.6 67.3 512.4 -65.8
P1149__1.0__2521___0 0.239978343248 245.2 534.1 141.8 668.9 7.5 532.1 110.9 397.2
P1508__1.0__972___2000 0.248677849770 119.4 379.9 36.0 486.5 -27.2 407.7 56.2 301.2
P1508__1.0__972___2000 0.186209395528 372.9 356.1 230.9 498.1 151.4 390.4 293.3 248.4
P1397__1.0__2000___2000 0.165040582418 176.1 114.8 176.1 201.0 139.2 201.0 139.2 114.8
P1397__1.0__2000___2000 0.163224652410 528.1 506.9 528.1 576.4 475.4 576.4 475.4 506.9
P1397__1.0__2000___2000 0.158862367272 394.1 54.1 394.1 85.7 369.9 85.7 369.9 54.1
P1397__1.0__2000___2000 0.154385089874 370.1 111.4 370.1 180.4 339.1 180.4 339.1 111.4
P1397__1.0__2000___2000 0.141884297132 268.0 116.7 268.0 175.5 240.4 175.5 240.4 116.7
P1397__1.0__2000___2000 0.117588847876 79.8 127.2 79.8 204.4 36.5 204.4 36.5 127.2
P1397__1.0__2000___2000 0.114442452788 436.7 115.1 436.7 176.5 398.4 176.5 398.4 115.1
P1508__1.0__500___2500 0.214421257377 640.8 279.4 544.8 401.2 468.1 291.2 564.1 169.4
P1397__1.0__1000___500 0.162186577916 471.1 531.9 471.1 584.1 436.9 584.1 436.9 531.9
P1397__1.0__1000___500 0.118641890585 600.3 461.7 600.3 485.9 579.0 485.9 579.0 461.7
P1156__1.0__2000___1000 0.209965854883 369.5 -69.9 369.5 113.4 218.3 113.4 218.3 -69.9
P1179__1.0__3000___4500 0.133745208383 288.1 -1.9 288.1 61.7 252.1 61.7 252.1 -1.9
P2214__1.0__0___258 0.108701668680 38.7 456.2 38.7 483.4 13.1 483.4 13.1 456.2
P9997__1.0__0___3496 0.102016806602 64.7 155.6 64.7 223.6 -5.1 223.6 -5.1 155.6
P1508__1.0__500___500 0.257904469967 247.0 425.8 148.4 559.1 61.6 465.0 160.2 331.7
P1508__1.0__500___500 0.151726767421 652.2 413.0 579.0 522.5 504.0 437.8 577.2 328.2
P1508__1.0__500___500 0.103240810335 451.9 418.0 348.3 549.0 265.1 440.5 368.6 309.5
P1376__1.0__1500___3000 0.150976002216 140.7 565.0 110.3 581.2 93.6 540.7 124.0 524.5
P2271__1.0__4000___1500 0.170057356358 170.2 23.1 170.2 52.6 138.0 52.6 138.0 23.1
P2802__1.0__1000___4500 0.116746217012 570.5 569.4 506.9 595.7 496.9 562.5 560.5 536.2
P1397__1.0__500___500 0.113292425871 610.8 399.6 610.8 451.8 569.1 451.8 569.1 399.6
P1397__1.0__500___500 0.100962109864 608.6 517.3 608.6 574.7 563.7 574.7 563.7 517.3
P1149__1.0__1000___1500 0.189154878259 394.5 229.2 273.5 380.2 177.8 254.1 298.7 103.1
P1149__1.0__1000___1500 0.179019749165 217.5 455.1 137.4 520.4 82.3 420.1 162.4 354.9
P0161__1.0__500___2000 0.100521765649 487.9 -0.8 480.8 27.2 451.5 19.0 458.5 -9.0
P0801__1.0__1000___500 0.120136804879 61.2 103.8 61.2 155.1 5.4 155.1 5.4 103.8
P0801__1.0__1000___500 0.105801135302 62.5 23.1 62.5 51.8 12.2 51.8 12.2 23.1
P1149__1.0__1000___3000 0.119939737022 505.1 443.2 373.4 578.7 243.4 455.4 375.1 319.9
P1397__1.0__6500___2000 0.109062008560 78.6 563.0 78.6 584.1 53.9 584.1 53.9 563.0
P1149__1.0__1000___2000 0.129103958607 289.0 277.7 126.2 441.5 44.8 300.8 207.5 137.0
P1149__1.0__1000___2000 0.105463713408 222.3 20.0 222.3 183.6 85.2 183.6 85.2 20.0
P1398__1.0__500___4500 0.159197211266 147.8 174.7 147.8 214.0 81.2 214.0 81.2 174.7
P1398__1.0__500___4500 0.149449780583 408.1 481.2 346.8 491.1 338.8 434.0 400.0 424.1
P1397__1.0__500___2500 0.471059411764 141.3 29.1 141.3 94.5 110.4 94.5 110.4 29.1
P1397__1.0__500___2500 0.304408460855 90.2 25.3 90.2 90.7 50.5 90.7 50.5 25.3
P1397__1.0__500___2500 0.189865455031 41.3 29.7 41.3 93.9 1.5 93.9 1.5 29.7
P1397__1.0__500___2500 0.178460881114 112.3 38.2 112.3 77.1 92.2 77.1 92.2 38.2
P1508__1.0__500___1000 0.192793324590 292.4 454.5 181.2 587.4 96.5 476.3 207.7 343.5
P1508__1.0__500___1000 0.173983499408 623.9 461.6 566.4 537.9 524.2 429.7 581.6 353.5
P2587__1.0__1000___0 0.106341324747 554.3 514.6 554.3 608.8 465.3 608.8 465.3 514.6
P2271__1.0__1000___1500 0.159195706248 534.3 224.4 525.8 238.0 508.7 226.5 517.2 212.9
P2778__1.0__1000___2500 0.118670143187 60.8 579.0 60.8 601.3 38.8 601.3 38.8 579.0
P2271__1.0__1500___0 0.100736938417 524.9 22.3 524.9 45.1 510.1 45.1 510.1 22.3
P2271__1.0__4500___1000 0.113885313272 127.1 554.8 127.1 601.7 85.5 601.7 85.5 554.8
P1397__1.0__7774___500 0.198034748435 542.5 436.3 542.5 479.6 525.2 479.6 525.2 436.3
P1397__1.0__7774___500 0.176089003682 295.6 464.6 295.6 498.7 284.0 498.7 284.0 464.6
P2082__1.0__0___500 0.101874209940 184.8 469.5 184.8 559.2 163.8 559.2 163.8 469.5
P1508__1.0__972___1000 0.340255111456 177.9 455.2 139.8 537.0 74.6 420.3 112.6 338.5
P1384__1.0__4500___4500 0.109290190041 17.2 229.6 3.8 240.2 -5.5 230.9 8.0 220.3
P0654__1.0__544___500 0.270705491304 572.0 536.2 527.8 567.1 464.3 539.3 508.5 508.4
P0654__1.0__500___628 0.285531610250 602.3 407.8 566.7 436.4 512.8 412.0 548.4 383.3
P2230__1.0__0___500 0.100900463760 597.6 477.0 597.6 518.5 558.8 518.5 558.8 477.0
P1854__1.0__9000___1000 0.135953068733 43.5 560.1 43.5 579.5 25.2 579.5 25.2 560.1
P1384__1.0__1000___1500 0.197020173073 597.6 423.1 597.6 445.0 566.4 445.0 566.4 423.1
P1384__1.0__1000___1500 0.105776056647 533.1 476.7 528.0 491.7 509.2 486.4 514.4 471.4
P1397__1.0__2500___1000 0.106431819499 603.7 68.2 603.7 111.8 577.3 111.8 577.3 68.2
P1397__1.0__1500___2500 0.511059820652 391.9 350.1 391.9 421.8 364.5 421.8 364.5 350.1
P1397__1.0__1500___2500 0.504428982735 70.7 353.8 70.7 434.1 36.4 434.1 36.4 353.8
P1397__1.0__1500___2500 0.502795219421 131.8 342.9 131.8 437.5 97.0 437.5 97.0 342.9
P1397__1.0__1500___2500 0.446692526340 354.0 354.7 354.0 424.3 336.5 424.3 336.5 354.7
P1397__1.0__1500___2500 0.439647376537 26.3 369.2 26.3 434.0 0.6 434.0 0.6 369.2
P1397__1.0__1500___2500 0.438737839460 334.1 362.6 334.1 416.9 319.0 416.9 319.0 362.6
P1397__1.0__1500___2500 0.431446313858 207.2 354.6 207.2 433.8 172.9 433.8 172.9 354.6
P1397__1.0__1500___2500 0.418477058411 166.2 337.7 166.2 434.0 133.3 434.0 133.3 337.7
P1397__1.0__1500___2500 0.310673534870 319.3 359.3 319.3 420.3 301.0 420.3 301.0 359.3
P1397__1.0__1500___2500 0.242792949080 249.7 365.6 249.7 445.1 216.1 445.1 216.1 365.6
P1508__1.0__500___2000 0.207750588655 619.2 372.6 513.9 501.7 416.9 383.2 522.1 254.1
P2236__1.0__658___247 0.128636345267 472.9 210.4 454.4 242.6 434.6 232.8 453.1 200.6
P1149__1.0__1500___500 0.306265801191 649.1 518.0 554.2 661.6 426.9 540.8 521.9 397.3
P1508__1.0__0___500 0.306095778942 570.3 92.7 528.9 103.8 512.4 6.8 553.9 -4.3
P1398__1.0__3454___2000 0.393826633692 376.1 356.0 376.1 416.3 299.8 416.3 299.8 356.0
P1149__1.0__1500___3500 0.260784298182 152.9 290.6 39.4 452.7 -28.2 360.7 85.3 198.6
P1397__1.0__3000___2500 0.132135257125 247.8 -8.4 247.8 20.3 220.7 20.3 220.7 -8.4
P1397__1.0__3000___2500 0.130889594555 280.5 -4.6 280.5 16.8 259.7 16.8 259.7 -4.6
P1397__1.0__3000___2500 0.114558465779 401.6 146.4 401.6 193.7 354.6 193.7 354.6 146.4
P1398__1.0__3454___3500 0.332120418549 469.2 126.4 469.2 205.0 438.0 205.0 438.0 126.4
P1397__1.0__6000___2000 0.182866171002 24.6 111.6 24.6 140.6 10.9 140.6 10.9 111.6
P1397__1.0__6000___2000 0.155609771609 580.6 560.4 580.6 586.9 551.7 586.9 551.7 560.4
P1397__1.0__6000___2000 0.147781774402 561.4 541.3 561.4 566.7 537.8 566.7 537.8 541.3
P1397__1.0__6000___2000 0.119189277291 514.3 519.1 514.3 541.6 497.3 541.6 497.3 519.1
P1397__1.0__6000___2000 0.108230829239 12.3 328.8 4.4 341.7 -7.9 331.9 0.0 318.9
P1154__1.0__0___3000 0.128093510866 556.5 324.2 424.5 483.3 272.9 326.1 404.9 167.0
P0168__1.0__1500___1192 0.129356458783 141.1 62.1 126.9 76.8 110.2 61.6 124.4 46.8
P1384__1.0__2500___3000 0.105815865099 167.6 52.0 167.6 70.8 154.3 70.8 154.3 52.0
P2689__1.0__4500___2500 0.194744005799 505.4 390.1 505.4 477.6 467.3 477.6 467.3 390.1
P1156__1.0__2500___500 0.175649344921 462.5 -48.7 462.5 124.1 325.6 124.1 325.6 -48.7
P1088__1.0__500___0 0.130968168378 535.2 480.4 535.2 555.7 445.0 555.7 445.0 480.4
P2242__1.0__0___0 0.115990497172 279.3 265.7 279.3 289.2 243.9 289.2 243.9 265.7
P0161__1.0__500___1500 0.161921501160 570.3 88.6 556.1 112.7 529.6 81.8 543.8 57.6
P2689__1.0__4500___500 0.120338633657 598.2 284.0 598.2 310.4 579.8 310.4 579.8 284.0
P1398__1.0__3454___500 0.134256571531 588.3 395.9 588.3 431.8 560.1 431.8 560.1 395.9
P2794__1.0__2000___3841 0.113441862166 138.1 20.5 129.2 36.9 99.2 23.5 108.1 7.1
P0053__1.0__0___500 0.113736286759 240.4 260.8 226.5 280.8 155.0 232.1 168.9 212.0
P2181__1.0__500___1834 0.168409332633 179.2 13.6 167.1 28.3 150.9 14.4 163.0 -0.3
P2181__1.0__500___1834 0.116715393960 148.4 16.0 133.6 27.5 119.7 10.1 134.4 -1.3
P2082__1.0__335___0 0.217848107219 374.5 524.5 374.5 574.6 357.3 574.6 357.3 524.5
P2082__1.0__335___0 0.138839140534 408.2 533.4 408.2 574.0 395.2 574.0 395.2 533.4
P1179__1.0__6035___5500 0.170822024345 33.6 560.9 33.6 594.0 17.3 594.0 17.3 560.9
P1149__1.0__2500___0 0.256659805775 259.6 536.3 164.9 663.5 33.2 530.0 127.8 402.8
P1149__1.0__2500___0 0.233833536506 659.0 -65.4 659.0 189.1 433.2 189.1 433.2 -65.4
P1397__1.0__1500___2000 0.242873951793 385.8 141.8 385.8 205.9 353.7 205.9 353.7 141.8
P1397__1.0__1500___2000 0.207804054022 468.7 138.9 468.7 176.9 447.5 176.9 447.5 138.9
P1397__1.0__1500___2000 0.168989762664 577.4 127.4 577.4 196.6 539.7 196.6 539.7 127.4
P1397__1.0__1500___2000 0.108630396426 19.8 112.0 19.8 147.0 -8.4 147.0 -8.4 112.0
P1397__1.0__1500___2000 0.102906048298 165.9 123.2 165.9 224.6 142.5 224.6 142.5 123.2
P2758__1.0__3500___2000 0.172349318862 92.3 92.6 83.3 107.8 23.0 71.5 32.0 56.3
P2791__1.0__1500___1500 0.168640732765 431.4 378.9 384.4 447.2 348.9 408.2 395.9 339.9
P2791__1.0__4000___4000 0.217117428780 526.4 200.5 455.9 332.8 390.9 274.8 461.5 142.5
P0259__1.0__500___1500 0.109772823751 606.7 121.1 606.7 171.1 566.5 171.1 566.5 121.1
P1397__1.0__7500___1500 0.120766676962 324.9 260.0 324.9 305.5 278.8 305.5 278.8 260.0
P1397__1.0__3000___500 0.511587142944 281.7 86.3 281.7 165.2 250.0 165.2 250.0 86.3
P1397__1.0__3000___500 0.500952541828 249.1 88.9 249.1 162.9 217.3 162.9 217.3 88.9
P1397__1.0__3000___500 0.381388664246 312.2 86.5 312.2 164.8 283.8 164.8 283.8 86.5
P1397__1.0__3000___500 0.379122138023 347.5 85.3 347.5 166.5 321.0 166.5 321.0 85.3
P1397__1.0__3000___500 0.365595370531 111.1 193.9 111.1 233.4 101.2 233.4 101.2 193.9
P1397__1.0__3000___500 0.351171791553 414.1 88.0 414.1 163.8 389.4 163.8 389.4 88.0
P1397__1.0__3000___500 0.350376069546 123.7 195.3 123.7 232.2 113.5 232.2 113.5 195.3
P1397__1.0__3000___500 0.349550753832 381.4 97.7 381.4 162.1 358.2 162.1 358.2 97.7
P1397__1.0__3000___500 0.347113758326 136.4 196.4 136.4 231.5 125.3 231.5 125.3 196.4
P1397__1.0__3000___500 0.328552752733 212.3 132.8 192.0 150.9 182.0 102.1 202.2 84.0
P1397__1.0__3000___500 0.295175999403 85.4 196.0 85.4 231.3 76.7 231.3 76.7 196.0
P1397__1.0__3000___500 0.290643751621 98.4 195.1 98.4 232.2 88.4 232.2 88.4 195.1
P1397__1.0__3000___500 0.289701938629 150.2 196.4 150.2 231.3 140.0 231.3 140.0 196.4
P1397__1.0__3000___500 0.273951292038 70.2 196.6 70.2 230.5 62.4 230.5 62.4 196.6
P1397__1.0__3000___500 0.257189124823 163.4 196.5 163.4 231.6 152.8 231.6 152.8 196.5
P1397__1.0__3000___500 0.248354315758 518.2 81.6 518.2 178.3 485.8 178.3 485.8 81.6
P1397__1.0__3000___500 0.247757703066 573.6 276.3 573.6 327.4 470.7 327.4 470.7 276.3
P1397__1.0__3000___500 0.244434818625 487.6 82.0 487.6 177.8 452.8 177.8 452.8 82.0
P1397__1.0__3000___500 0.207820668817 552.5 90.3 552.5 177.5 523.2 177.5 523.2 90.3
P1397__1.0__3000___500 0.207459613681 57.7 196.2 57.7 230.4 50.9 230.4 50.9 196.2
P1397__1.0__3000___500 0.207120478153 174.0 202.9 174.0 232.2 166.3 232.2 166.3 202.9
P1397__1.0__3000___500 0.206926047802 41.6 198.7 41.6 228.3 35.7 228.3 35.7 198.7
P1397__1.0__3000___500 0.197793841362 446.4 115.0 446.4 160.9 430.4 160.9 430.4 115.0
P1397__1.0__3000___500 0.196040213108 29.0 199.0 29.0 227.7 23.5 227.7 23.5 199.0
P1397__1.0__3000___500 0.184543728828 189.6 199.6 189.6 228.5 181.0 228.5 181.0 199.6
P1397__1.0__3000___500 0.174253001809 15.9 197.7 15.9 222.3 12.3 222.3 12.3 197.7
P1397__1.0__3000___500 0.160307526588 198.9 200.0 198.9 228.3 190.4 228.3 190.4 200.0
P1397__1.0__3000___500 0.151368483901 583.9 86.4 583.9 173.4 556.7 173.4 556.7 86.4
P1397__1.0__3000___500 0.141716912389 212.0 205.3 212.0 229.6 207.5 229.6 207.5 205.3
P1397__1.0__3000___500 0.107456795871 505.9 203.2 505.9 224.6 473.6 224.6 473.6 203.2
P6687__1.0__2500___1500 0.109872430563 32.4 138.5 32.4 200.9 11.8 200.9 11.8 138.5
P5789__1.0__19000___19500 0.104529105127 333.8 484.7 298.6 499.9 286.2 463.1 321.3 447.9
P1134__1.0__1477___1596 0.136767759919 317.4 557.4 265.7 626.7 238.7 574.9 290.3 505.6
P1149__1.0__1500___3514 0.243826478720 135.0 293.6 39.2 412.8 -50.4 276.8 45.4 157.6
P0168__1.0__1500___500 0.112831845880 205.2 475.9 190.0 497.5 165.8 480.3 181.1 458.7
P2630__1.0__0___796 0.107303641737 412.1 526.3 412.1 581.0 391.5 581.0 391.5 526.3
P2689__1.0__4500___2814 0.136539801955 509.2 80.9 509.2 163.1 463.6 163.1 463.6 80.9
P1410__1.0__500___4500 0.277860343456 514.4 137.0 505.7 151.1 425.9 92.6 434.7 78.5
P1154__1.0__500___2500 0.147032707930 382.1 508.4 283.6 597.0 214.6 478.7 313.2 390.0
P1149__1.0__2521___500 0.277324885130 225.1 39.7 134.9 150.7 26.9 35.2 117.1 -75.8
P1995__1.0__1500___0 0.104621998966 28.2 512.0 28.2 597.2 7.3 597.2 7.3 512.0
P2242__1.0__2000___0 0.132182911038 84.7 495.1 84.7 518.6 31.2 518.6 31.2 495.1
P1007__1.0__5000___662 0.132058754563 152.2 359.8 152.2 388.0 139.3 388.0 139.3 359.8
P1397__1.0__1000___2500 0.564145684242 505.6 364.2 505.6 439.7 483.6 439.7 483.6 364.2
P1397__1.0__1000___2500 0.559413731098 392.0 364.0 392.0 431.9 372.4 431.9 372.4 364.0
P1397__1.0__1000___2500 0.544939041138 415.7 360.1 415.7 435.9 388.5 435.9 388.5 360.1
P1397__1.0__1000___2500 0.532488465309 567.1 341.9 567.1 438.6 525.6 438.6 525.6 341.9
P1397__1.0__1000___2500 0.509922206402 449.0 352.4 449.0 427.1 419.7 427.1 419.7 352.4
P1397__1.0__1000___2500 0.476838827133 595.8 345.9 595.8 441.6 560.9 441.6 560.9 345.9
P1397__1.0__1000___2500 0.457488894463 344.7 357.8 344.7 437.9 307.5 437.9 307.5 357.8
P1397__1.0__1000___2500 0.434620708227 368.4 358.8 368.4 428.6 346.7 428.6 346.7 358.8
P1397__1.0__1000___2500 0.426745414734 521.0 356.6 521.0 439.1 505.8 439.1 505.8 356.6
P1397__1.0__1000___2500 0.206141158938 267.1 24.5 267.1 91.2 232.6 91.2 232.6 24.5
P1397__1.0__1000___2500 0.187125816941 281.6 366.3 281.6 429.7 250.6 429.7 250.6 366.3
P1397__1.0__1000___2500 0.163293436170 190.3 357.0 190.3 430.3 156.9 430.3 156.9 357.0
P1397__1.0__1000___2500 0.108202509582 270.5 279.7 270.5 299.9 246.0 299.9 246.0 279.7
P1397__1.0__3500___1000 0.462465912104 249.8 50.7 249.8 89.6 194.5 89.6 194.5 50.7
P1397__1.0__3500___1000 0.360048621893 247.2 15.5 247.2 44.9 196.8 44.9 196.8 15.5
P1397__1.0__3500___1000 0.320618957281 305.1 32.4 305.1 67.0 258.7 67.0 258.7 32.4
P1397__1.0__3500___1000 0.268610745668 408.6 31.4 408.6 67.7 355.4 67.7 355.4 31.4
P1397__1.0__3500___1000 0.176561459899 306.7 72.1 306.7 107.4 265.8 107.4 265.8 72.1
P1397__1.0__3500___1000 0.154118642211 414.2 67.8 414.2 112.7 350.2 112.7 350.2 67.8
P1397__1.0__3500___1000 0.116254985332 305.9 2.2 305.9 17.6 265.3 17.6 265.3 2.2
P2689__1.0__5000___500 0.125410541892 98.8 303.8 83.2 313.7 75.6 290.7 91.3 280.8
P2689__1.0__5000___500 0.122690789402 266.4 549.5 247.8 562.5 231.6 542.4 250.2 529.3
P1508__1.0__972___2500 0.126146942377 179.6 286.7 56.7 418.1 -22.8 308.1 100.1 176.7
P1397__1.0__0___1500 0.504080235958 557.2 441.8 557.2 538.4 519.3 538.4 519.3 441.8
P1397__1.0__0___1500 0.230799317360 479.0 439.8 479.0 531.4 429.1 531.4 429.1 439.8
P1398__1.0__3454___1000 0.104181453586 586.3 69.5 586.3 102.9 554.1 102.9 554.1 69.5
P1398__1.0__3454___1000 0.101146914065 581.1 420.1 581.1 471.7 542.3 471.7 542.3 420.1
P1397__1.0__500___1500 0.482600867748 389.0 455.9 389.0 556.1 350.4 556.1 350.4 455.9
P1397__1.0__500___1500 0.438427567482 59.3 438.1 59.3 542.4 17.8 542.4 17.8 438.1
P1397__1.0__500___1500 0.401717752218 141.1 446.0 141.1 534.2 102.4 534.2 102.4 446.0
P1397__1.0__500___1500 0.142375022173 604.0 484.5 604.0 551.9 568.3 551.9 568.3 484.5
P1397__1.0__3500___500 0.517902135849 417.3 343.1 400.8 358.2 370.0 334.1 386.5 319.0
P1397__1.0__3500___500 0.456230551004 420.1 255.2 420.1 293.7 367.9 293.7 367.9 255.2
P1397__1.0__3500___500 0.449668437243 411.1 382.7 411.1 420.7 361.6 420.7 361.6 382.7
P1397__1.0__3500___500 0.395054429770 409.6 498.0 402.6 524.2 361.2 514.6 368.1 488.4
P1397__1.0__3500___500 0.380069971085 424.0 213.7 424.0 253.2 371.4 253.2 371.4 213.7
P1397__1.0__3500___500 0.346918225288 364.5 91.4 364.5 144.7 336.3 144.7 336.3 91.4
P1397__1.0__3500___500 0.323488414288 410.2 428.7 410.2 462.4 361.5 462.4 361.5 428.7
P1397__1.0__3500___500 0.317308604717 85.6 97.9 85.6 169.9 61.8 169.9 61.8 97.9
P1397__1.0__3500___500 0.299482643604 340.4 93.3 340.4 190.3 279.9 190.3 279.9 93.3
P1397__1.0__3500___500 0.290162563324 121.4 111.1 121.4 172.6 97.9 172.6 97.9 111.1
P1397__1.0__3500___500 0.278804183006 411.7 535.1 411.7 565.2 359.7 565.2 359.7 535.1
P1397__1.0__3500___500 0.257262498140 244.2 473.4 244.2 499.5 199.9 499.5 199.9 473.4
P1397__1.0__3500___500 0.250168472528 315.5 259.5 315.5 289.0 272.7 289.0 272.7 259.5
P1397__1.0__3500___500 0.247496396303 262.6 199.4 262.6 227.6 213.4 227.6 213.4 199.4
P1397__1.0__3500___500 0.247088760138 153.8 97.6 153.8 178.3 130.2 178.3 130.2 97.6
P1397__1.0__3500___500 0.232013553381 254.5 110.0 254.5 182.0 230.3 182.0 230.3 110.0
P1397__1.0__3500___500 0.230879306793 186.8 87.6 186.8 188.4 161.0 188.4 161.0 87.6
P1397__1.0__3500___500 0.228273868561 220.6 96.5 220.6 187.5 198.5 187.5 198.5 96.5
P1397__1.0__3500___500 0.220887705684 53.9 92.2 53.9 175.7 21.9 175.7 21.9 92.2
P1397__1.0__3500___500 0.218199178576 405.8 573.5 405.8 607.0 350.1 607.0 350.1 573.5
P1397__1.0__3500___500 0.217400744557 322.2 217.2 322.2 249.7 274.4 249.7 274.4 217.2
P1397__1.0__3500___500 0.214551925659 243.9 517.8 243.9 543.4 200.1 543.4 200.1 517.8
P1397__1.0__3500___500 0.211682230234 306.5 558.4 306.5 582.4 257.8 582.4 257.8 558.4
P1397__1.0__3500___500 0.209514617920 243.9 539.3 243.9 561.0 199.6 561.0 199.6 539.3
P1397__1.0__3500___500 0.206097856164 240.4 560.4 240.4 580.4 196.0 580.4 196.0 560.4
P1397__1.0__3500___500 0.196991980076 254.8 241.5 254.8 265.4 212.8 265.4 212.8 241.5
P1397__1.0__3500___500 0.196112722158 255.4 261.4 255.4 286.3 212.1 286.3 212.1 261.4
P1397__1.0__3500___500 0.193136811256 303.9 541.4 303.9 559.2 260.8 559.2 260.8 541.4
P1397__1.0__3500___500 0.182341307402 307.3 468.8 307.3 503.6 257.2 503.6 257.2 468.8
P1397__1.0__3500___500 0.161877483130 306.7 578.4 306.7 601.5 264.8 601.5 264.8 578.4
P1397__1.0__3500___500 0.160877570510 310.8 322.6 310.8 353.4 268.7 353.4 268.7 322.6
P1397__1.0__3500___500 0.153521761298 307.7 517.5 307.7 541.5 263.8 541.5 263.8 517.5
P1397__1.0__3500___500 0.147826701403 241.1 436.5 241.1 454.1 203.6 454.1 203.6 436.5
P1397__1.0__3500___500 0.131802633405 248.8 284.2 248.8 304.7 211.7 304.7 211.7 284.2
P1397__1.0__3500___500 0.130134165287 200.8 100.0 200.8 192.1 186.6 192.1 186.6 100.0
P1397__1.0__3500___500 0.127303272486 246.2 392.9 246.2 411.2 205.9 411.2 205.9 392.9
P1397__1.0__3500___500 0.125311374664 369.2 142.3 369.2 173.3 347.0 173.3 347.0 142.3
P1397__1.0__3500___500 0.117537185550 25.1 108.7 25.1 167.1 -13.5 167.1 -13.5 108.7
P1397__1.0__3500___500 0.116502389312 306.3 498.4 306.3 520.8 265.3 520.8 265.3 498.4
P1397__1.0__3500___500 0.111431717873 242.9 413.6 242.9 432.0 201.3 432.0 201.3 413.6
P1397__1.0__3500___500 0.100639536977 275.6 78.4 275.6 149.5 249.2 149.5 249.2 78.4
P1154__1.0__2000___1500 0.125530704856 87.3 370.9 87.3 576.4 -67.6 576.4 -67.6 370.9
P2271__1.0__0___1000 0.104731515050 548.2 553.9 537.2 566.3 510.6 538.0 521.6 525.6
P1149__1.0__1000___1000 0.242246285081 659.5 468.8 544.4 601.3 401.1 429.0 516.3 296.6
P0161__1.0__1000___1500 0.114142201841 66.9 82.9 56.5 108.0 32.9 87.9 43.4 62.8
P2593__1.0__603___1000 0.111409530044 534.9 406.6 522.4 422.8 492.3 395.9 504.7 379.7
P2802__1.0__1500___1500 0.109453886747 248.5 31.6 239.6 44.4 227.5 34.9 236.4 22.1
P1397__1.0__6500___1000 0.119973808527 17.9 524.5 17.9 567.1 -6.3 567.1 -6.3 524.5
P1384__1.0__1500___2000 0.150795221329 411.1 42.0 403.6 58.5 383.9 48.4 391.4 31.9
P1384__1.0__1500___2000 0.139057859778 548.1 87.9 544.7 110.9 527.6 107.4 531.1 84.4
P1384__1.0__1500___2000 0.131676226854 446.2 50.8 428.4 66.5 412.7 50.5 430.4 34.8
P1384__1.0__1500___2000 0.122408576310 527.0 206.8 521.8 226.2 507.8 220.6 512.9 201.2
P1384__1.0__1500___2000 0.120835214853 535.1 556.2 527.2 564.3 516.6 552.5 524.6 544.3
P1384__1.0__1500___2000 0.117844909430 503.0 59.8 499.2 76.7 476.1 72.2 479.9 55.3
P1384__1.0__1500___2000 0.109420560300 376.2 29.6 375.1 47.8 362.1 46.0 363.1 27.7
P1384__1.0__1500___2000 0.106940984726 584.2 221.2 577.5 237.2 561.6 229.1 568.3 213.1
P1384__1.0__1500___2000 0.103643216193 234.6 20.2 215.0 36.4 192.1 14.3 211.7 -1.9
P2758__1.0__3000___2000 0.131882101297 591.5 92.2 580.7 107.7 523.2 71.9 534.0 56.4
P1410__1.0__3000___5000 0.154699712992 85.7 207.9 83.1 233.9 37.4 218.6 40.0 192.5
P2230__1.0__0___558 0.103411033750 597.4 418.9 597.4 457.0 559.0 457.0 559.0 418.9
P1854__1.0__9000___500 0.105331242085 473.4 -4.4 473.4 71.8 441.1 71.8 441.1 -4.4
P1384__1.0__1500___2500 0.104521967471 567.2 48.1 567.2 68.5 548.1 68.5 548.1 48.1
P1854__1.0__9500___0 0.111651636660 92.9 592.5 74.4 604.4 63.2 587.8 81.7 575.9
P1397__1.0__1500___2866 0.551818907261 100.3 -6.3 100.3 74.2 63.4 74.2 63.4 -6.3
P1397__1.0__1500___2866 0.521641790867 136.7 -16.3 136.7 76.4 98.9 76.4 98.9 -16.3
P1397__1.0__1500___2866 0.491145282984 370.6 -6.5 370.6 58.2 353.0 58.2 353.0 -6.5
P1397__1.0__1500___2866 0.464523255825 163.8 -1.6 163.8 69.2 135.8 69.2 135.8 -1.6
P1397__1.0__1500___2866 0.450405597687 25.7 8.7 25.7 66.6 1.2 66.6 1.2 8.7
P1397__1.0__1500___2866 0.408208817244 335.4 -4.9 335.4 56.8 317.7 56.8 317.7 -4.9
P1397__1.0__1500___2866 0.402041047812 355.9 -11.3 355.9 62.9 334.6 62.9 334.6 -11.3
P1397__1.0__1500___2866 0.401448130608 306.6 -4.9 306.6 63.8 281.5 63.8 281.5 -4.9
P1397__1.0__1500___2866 0.397511541843 211.6 -7.2 211.6 74.3 168.5 74.3 168.5 -7.2
P1397__1.0__1500___2866 0.379001140594 412.8 -6.8 412.8 58.0 390.2 58.0 390.2 -6.8
P1397__1.0__1500___2866 0.325199723244 247.7 -1.5 247.7 78.1 213.3 78.1 213.3 -1.5
P1397__1.0__1500___2866 0.108679704368 281.9 17.9 281.9 50.7 257.3 50.7 257.3 17.9
P1397__1.0__1000___1500 0.290435016155 382.5 353.3 382.5 427.2 350.9 427.2 350.9 353.3
P1397__1.0__1000___1500 0.235332638025 109.8 486.7 109.8 557.2 63.4 557.2 63.4 486.7
P1397__1.0__1000___1500 0.150639683008 431.3 398.4 431.3 439.2 398.0 439.2 398.0 398.4
P1397__1.0__1000___1500 0.104949049652 391.2 -1.4 391.2 28.5 357.5 28.5 357.5 -1.4
P5789__1.0__23500___10500 0.116589017212 79.6 578.8 79.6 599.9 52.7 599.9 52.7 578.8
P1149__1.0__1000___3500 0.223846822977 660.0 274.9 544.1 461.2 409.0 351.9 525.0 165.7
P1854__1.0__6500___2000 0.106089748442 25.0 21.8 25.0 38.9 -5.6 38.9 -5.6 21.8
