P2754__1.0__2857___1000 0.467329591513 70.8 516.5 24.3 548.3 -3.0 472.0 43.5 440.2
P2754__1.0__2857___1000 0.372134029865 98.7 399.7 58.1 431.8 22.9 373.3 63.5 341.2
P2085__1.0__500___1 0.509065747261 265.9 257.2 187.6 309.7 137.3 184.8 215.6 132.3
P2085__1.0__500___1 0.458766818047 472.5 283.1 392.4 321.5 354.6 200.6 434.8 162.2
P2085__1.0__500___1 0.335457533598 110.0 245.5 34.8 284.4 -2.6 157.5 72.5 118.6
P0457__1.0__500___281 0.203858107328 419.5 243.5 309.7 339.8 177.4 159.9 287.3 63.6
P0457__1.0__500___281 0.146969318390 567.0 143.1 457.1 243.8 341.2 92.1 451.0 -8.5
P2375__1.0__500___0 0.162610232830 418.0 616.8 331.0 645.4 290.2 538.9 377.2 510.3
P2404__1.0__3000___0 0.214964553714 226.0 540.0 226.0 616.0 177.1 616.0 177.1 540.0
P2404__1.0__3000___0 0.156737059355 183.6 530.2 183.6 609.6 147.0 609.6 147.0 530.2
P1242__1.0__1500___2500 0.110746726394 246.6 323.0 239.4 342.4 220.8 335.6 228.0 316.3
P1474__1.0__1500___2000 0.140421286225 356.4 604.1 240.7 623.4 208.0 432.6 323.8 413.4
P2547__1.0__500___1825 0.119818799198 431.0 13.8 431.0 69.8 332.0 69.8 332.0 13.8
P1854__1.0__12500___0 0.106025889516 177.7 525.8 138.7 555.9 105.9 510.1 144.9 480.0
P1240__1.0__2000___1500 0.141804382205 540.6 219.2 523.3 225.3 503.1 183.9 520.4 177.8
P2502__1.0__0___0 0.112282529473 496.1 584.6 473.9 617.2 427.8 595.9 449.9 563.3
P0242__1.0__0___500 0.260174065828 193.0 -28.6 193.0 112.0 85.5 112.0 85.5 -28.6
P1315__1.0__500___1500 0.144797280431 540.5 444.9 540.5 470.7 510.1 470.7 510.1 444.9
P2768__1.0__500___1757 0.341633141041 218.4 3.0 218.4 41.3 186.1 41.3 186.1 3.0
P2768__1.0__500___1757 0.245605587959 248.4 4.3 248.4 40.5 219.1 40.5 219.1 4.3
P2768__1.0__500___1757 0.142346486449 389.5 1.5 389.5 42.2 357.7 42.2 357.7 1.5
P2768__1.0__500___1757 0.120754674077 350.6 1.1 350.6 43.0 325.1 43.0 325.1 1.1
P2768__1.0__500___1757 0.115958057344 418.1 -1.8 418.1 37.9 385.3 37.9 385.3 -1.8
P2768__1.0__500___1757 0.112283542752 413.0 261.8 400.7 273.7 392.2 256.2 404.4 244.3
P2768__1.0__500___1757 0.101256482303 412.7 319.4 401.8 332.5 392.4 317.5 403.3 304.4
P1471__1.0__4201___2000 0.104207001626 253.4 533.2 253.4 630.9 166.2 630.9 166.2 533.2
P1371__1.0__2500___500 0.174471795559 441.3 140.6 436.3 170.2 419.3 168.8 424.3 139.2
P1342__1.0__2000___3400 0.104155987501 21.9 104.6 2.7 106.5 -1.8 84.0 17.5 82.1
P0704__1.0__1500___836 0.143334060907 126.8 460.7 43.3 505.9 -10.0 381.7 73.5 336.5
P2547__1.0__500___1500 0.173080027103 429.0 333.6 429.0 398.7 334.2 398.7 334.2 333.6
P1432__1.0__1500___1000 0.580903887749 324.5 152.5 272.2 179.5 238.8 106.9 291.1 79.9
P1432__1.0__1500___1000 0.489788293839 373.6 143.1 332.4 169.3 300.8 115.1 341.9 88.9
P2587__1.0__500___500 0.163292467594 580.3 113.3 533.9 250.5 440.6 209.2 487.0 72.1
P2587__1.0__500___500 0.101729556918 499.9 100.6 436.7 216.7 351.6 166.7 414.7 50.7
P2563__1.0__1000___0 0.369020700455 306.3 410.9 306.3 568.6 185.8 568.6 185.8 410.9
P1854__1.0__2500___2500 0.120454534888 509.9 354.0 509.9 441.3 437.9 441.3 437.9 354.0
P1463__1.0__500___500 0.551615118980 541.5 540.5 438.4 610.1 350.8 453.6 453.8 384.0
P1463__1.0__500___500 0.224529400468 637.0 573.2 549.1 629.7 471.4 493.1 559.3 436.5
P2502__1.0__500___1500 0.109213471413 212.9 354.2 159.8 393.4 94.2 360.9 147.2 321.8
P1432__1.0__1000___2000 0.126194149256 604.0 522.7 604.0 600.7 551.5 600.7 551.5 522.7
P1471__1.0__2000___500 0.295504361391 598.1 29.6 598.1 198.4 509.8 198.4 509.8 29.6
P1471__1.0__2000___500 0.294137448072 490.5 11.4 490.5 232.6 361.8 232.6 361.8 11.4
P1471__1.0__2000___500 0.120547927916 372.1 14.4 372.1 237.4 232.2 237.4 232.2 14.4
P3107__1.0__0___0 0.101405225694 602.0 204.8 596.3 228.5 578.6 224.3 584.4 200.6
P1456__1.0__0___500 0.502460539341 473.1 301.4 473.1 503.1 338.4 503.1 338.4 301.4
P1410__1.0__1500___4500 0.100106619298 182.9 47.5 150.4 82.7 117.1 52.9 149.6 17.7
P0833__1.0__1000___500 0.576236844063 524.0 225.0 427.3 292.3 351.5 146.1 448.2 78.8
P0833__1.0__1000___500 0.177702754736 307.6 -46.7 307.6 130.5 160.1 130.5 160.1 -46.7
P2197__1.0__500___500 0.162920966744 390.2 -21.2 390.2 152.7 236.9 152.7 236.9 -21.2
P1854__1.0__12783___500 0.222826659679 75.0 287.5 38.3 318.4 0.3 276.2 37.0 245.2
P0352__1.0__803___0 0.265234977007 146.3 127.5 85.0 179.6 24.8 91.0 86.1 38.9
P0352__1.0__803___0 0.196541756392 96.4 164.9 29.6 259.2 -59.9 157.2 6.9 62.9
P0352__1.0__803___0 0.102889738977 198.4 -30.4 198.4 98.1 77.2 98.1 77.2 -30.4
P2194__1.0__1000___0 0.509253680706 150.4 422.7 150.4 515.7 92.2 515.7 92.2 422.7
P0457__1.0__803___0 0.170600757003 272.8 435.3 164.3 525.3 44.0 351.1 152.5 261.2
P2044__1.0__0___0 0.532011866570 335.4 534.4 283.2 550.7 269.9 464.9 322.1 448.7
P2044__1.0__0___0 0.359302192926 394.2 453.3 394.2 538.3 344.3 538.3 344.3 453.3
P5789__1.0__27000___3500 0.150408878922 369.7 166.9 361.3 180.8 346.9 165.4 355.4 151.5
P2714__1.0__1000___1500 0.115313820541 204.4 176.1 192.9 197.9 175.6 189.2 187.1 167.4
P2714__1.0__1000___1500 0.101487956941 206.4 363.7 189.0 375.2 174.4 368.6 191.8 357.1
P2085__1.0__500___0 0.497563302517 268.4 252.2 188.3 310.9 134.7 190.2 214.7 131.6
P2085__1.0__500___0 0.442933142185 475.6 280.6 394.6 323.1 351.2 203.3 432.2 160.8
P2085__1.0__500___0 0.332679152489 107.0 246.7 36.6 288.8 -0.2 163.8 70.3 121.7
P1332__1.0__3000___0 0.169159069657 317.0 -3.0 317.0 23.2 278.0 23.2 278.0 -3.0
P1672__1.0__3400___0 0.104571536183 418.3 315.5 404.8 329.9 386.8 313.1 400.3 298.6
P1373__1.0__2000___2500 0.332818448544 55.1 69.2 39.1 81.7 14.3 47.1 30.3 34.6
P1373__1.0__2000___2500 0.220596611500 69.0 51.1 57.6 58.5 39.5 33.0 50.8 25.7
P1373__1.0__2000___2500 0.211169391870 32.3 81.0 19.1 86.6 4.1 58.9 17.3 53.3
P2721__1.0__500___1853 0.157598927617 238.5 282.2 238.5 323.2 214.6 323.2 214.6 282.2
P2721__1.0__500___1853 0.132871732116 259.3 291.3 259.3 321.5 240.6 321.5 240.6 291.3
P2721__1.0__500___1853 0.107120290399 461.0 360.5 461.0 419.0 432.2 419.0 432.2 360.5
P2375__1.0__500___500 0.218751430511 436.6 152.3 331.9 187.6 278.7 11.8 383.4 -23.5
P2194__1.0__1000___500 0.115037724376 137.0 -5.6 137.0 24.4 98.6 24.4 98.6 -5.6
P1314__1.0__3400___2500 0.119391158223 343.2 189.5 337.3 214.6 316.7 207.3 322.5 182.3
P1463__1.0__2000___1500 0.152356714010 634.8 308.6 542.2 501.5 369.8 382.0 462.4 189.1
P0374__1.0__500___500 0.147170424461 290.1 24.8 222.1 80.4 153.7 1.4 221.7 -54.2
P2331__1.0__2000___500 0.103342033923 479.1 311.9 479.1 371.3 444.7 371.3 444.7 311.9
P0131__1.0__936___0 0.414252042770 167.1 281.3 167.1 361.8 116.1 361.8 116.1 281.3
P0131__1.0__936___0 0.319369196892 44.5 275.3 44.5 368.5 -1.3 368.5 -1.3 275.3
P2271__1.0__3500___1500 0.108677729964 538.2 4.6 538.2 63.1 496.4 63.1 496.4 4.6
P2085__1.0__613___1 0.460930317640 363.2 284.2 280.2 324.9 239.8 199.5 322.9 158.8
P2085__1.0__613___1 0.350105881691 146.3 266.1 67.1 301.8 32.4 176.1 111.7 140.4
P1230__1.0__0___3000 0.136585205793 193.4 28.4 178.4 33.5 164.6 0.4 179.6 -4.8
P1356__1.0__1000___0 0.127377614379 601.8 397.4 574.6 410.5 562.6 390.3 589.8 377.1
P1230__1.0__4000___0 0.210097551346 349.7 583.2 331.2 598.1 320.5 581.3 339.1 566.4
P1230__1.0__4000___0 0.205058291554 334.6 565.3 320.3 574.5 310.0 559.3 324.3 550.1
P0897__1.0__1500___4428 0.104177556932 468.5 580.4 468.5 600.1 448.2 600.1 448.2 580.4
P1463__1.0__1000___1000 0.310160338879 154.5 96.8 65.4 156.7 -7.2 26.0 81.8 -34.0
P2721__1.0__2500___1853 0.111553795636 611.4 499.1 596.9 538.7 552.9 520.1 567.5 480.4
P1384__1.0__1500___500 0.131008893251 629.1 324.2 629.1 479.2 534.1 479.2 534.1 324.2
P2718__1.0__1000___1000 0.134794592857 91.0 356.3 91.0 383.4 72.4 383.4 72.4 356.3
P2718__1.0__1000___1000 0.100561566651 333.3 120.1 323.5 143.3 294.6 131.8 304.5 108.7
P2714__1.0__500___0 0.158917203546 50.0 422.6 48.6 442.7 19.3 436.8 20.7 416.7
P0491__1.0__0___0 0.227749750018 363.0 112.9 285.1 177.5 209.6 65.7 287.5 1.2
P2721__1.0__500___500 0.133196413517 480.3 67.3 480.3 96.7 467.0 96.7 467.0 67.3
P2337__1.0__1825___1796 0.156823650002 528.9 52.3 509.0 64.6 491.1 39.1 510.9 26.8
P2337__1.0__1825___1796 0.125405460596 518.9 20.2 500.3 32.5 475.5 6.9 494.0 -5.5
P1373__1.0__1500___500 0.114298395813 244.7 580.8 216.4 611.8 183.8 582.7 212.2 551.8
P1242__1.0__1000___2000 0.236051306129 437.3 23.5 435.1 48.7 414.6 45.8 416.8 20.6
P1184__1.0__500___5500 0.101125910878 447.6 63.9 420.7 153.3 300.8 114.7 327.7 25.3
P7746__1.0__0___424 0.107930578291 494.0 -2.6 494.0 38.3 462.1 38.3 462.1 -2.6
P1463__1.0__1000___500 0.282134413719 162.3 581.4 68.4 653.1 -14.3 525.1 79.6 453.4
P1474__1.0__2000___2500 0.230647578835 43.0 37.1 43.0 71.9 9.2 71.9 9.2 37.1
P0704__1.0__1536___836 0.122045852244 85.8 329.1 85.8 491.0 -34.3 491.0 -34.3 329.1
P1878__1.0__0___459 0.104767709970 415.9 5.5 415.9 47.4 380.2 47.4 380.2 5.5
P1432__1.0__1500___500 0.493610709906 376.0 458.4 331.5 479.4 298.2 415.5 342.7 394.5
P1432__1.0__1500___500 0.329044371843 317.2 397.8 317.2 471.1 245.8 471.1 245.8 397.8
P1432__1.0__1500___500 0.115244545043 239.5 427.4 239.5 615.8 92.1 615.8 92.1 427.4
P1269__1.0__500___2500 0.168273061514 88.0 411.7 79.1 434.1 52.8 424.0 61.8 401.6
P2504__1.0__1020___0 0.203169330955 364.5 446.8 306.2 469.6 280.6 389.1 338.9 366.3
P1268__1.0__2000___3000 0.124632544816 362.4 472.2 347.5 478.1 330.6 444.0 345.5 438.1
P2724__1.0__1000___500 0.103944458067 142.7 332.8 132.4 341.9 110.6 320.9 120.8 311.8
P2385__1.0__0___0 0.130744472146 103.9 440.4 103.9 467.8 83.2 467.8 83.2 440.4
P1432__1.0__2500___3000 0.114485874772 299.4 46.0 299.4 133.9 240.2 133.9 240.2 46.0
P2754__1.0__2500___500 0.149384930730 270.1 571.3 258.4 609.4 221.8 600.6 233.4 562.5
P2570__1.0__1000___865 0.113102406263 309.5 20.0 309.5 216.0 182.7 216.0 182.7 20.0
P1471__1.0__4000___500 0.201655849814 121.0 278.8 121.0 445.4 -13.4 445.4 -13.4 278.8
P2722__1.0__3000___1000 0.207395762205 586.0 483.6 586.0 535.9 545.8 535.9 545.8 483.6
P2722__1.0__3000___1000 0.126570060849 579.3 544.8 560.4 549.6 555.6 531.9 574.5 527.1
P2721__1.0__3500___1000 0.130592033267 290.7 353.7 290.7 386.8 272.4 386.8 272.4 353.7
P2721__1.0__3500___1000 0.100061208010 263.7 342.9 263.7 373.6 244.8 373.6 244.8 342.9
P1432__1.0__0___3000 0.481458961964 375.0 75.5 335.7 106.7 283.0 55.1 322.3 23.9
P1432__1.0__0___3000 0.412551522255 414.1 163.6 366.4 202.5 307.2 127.8 354.9 88.9
P1075__1.0__0___2000 0.113646894693 74.2 254.6 74.2 333.8 9.2 333.8 9.2 254.6
P1440__1.0__0___1045 0.590523838997 496.7 227.5 381.2 277.6 307.6 88.5 423.2 38.3
P1440__1.0__0___1045 0.543356537819 386.2 289.4 267.5 326.1 210.0 129.6 328.7 92.9
P1440__1.0__0___1045 0.382575720549 592.8 159.4 476.6 200.3 420.1 12.3 536.3 -28.6
P1440__1.0__0___1045 0.197782576084 302.1 -53.3 302.1 153.4 133.7 153.4 133.7 -53.3
P1456__1.0__0___1500 0.489867001772 523.1 327.8 424.0 350.6 393.5 180.8 492.6 158.1
P1456__1.0__0___1500 0.428524285555 394.5 168.0 394.5 346.9 281.0 346.9 281.0 168.0
P1456__1.0__0___1500 0.387744069099 632.7 164.4 632.7 343.8 515.8 343.8 515.8 164.4
P0673__1.0__500___500 0.682189941406 421.2 176.1 337.4 274.7 239.0 163.3 322.7 64.7
P0673__1.0__500___500 0.592438220978 384.0 274.1 293.3 397.2 181.7 287.7 272.4 164.5
P0673__1.0__500___500 0.410641044378 438.5 70.0 385.4 128.1 316.9 51.8 370.0 -6.4
P1440__1.0__0___1000 0.594282746315 492.0 278.1 376.3 319.6 312.1 126.0 427.8 84.6
P1440__1.0__0___1000 0.574948966503 389.4 333.5 270.1 372.4 207.0 173.7 326.3 134.8
P1440__1.0__0___1000 0.519608139992 604.9 198.7 482.9 252.8 408.1 53.8 530.1 -0.3
P1440__1.0__0___1000 0.334483325481 285.6 -51.3 285.6 159.8 118.3 159.8 118.3 -51.3
P5789__1.0__24500___17000 0.116437070072 222.1 2.1 208.0 33.5 173.5 18.9 187.6 -12.5
P1463__1.0__2500___1500 0.101360753179 311.4 373.2 218.4 580.3 29.8 468.9 122.8 261.7
P2768__1.0__861___1757 0.150331974030 51.5 242.3 51.5 274.2 32.1 274.2 32.1 242.3
P2768__1.0__861___1757 0.116011194885 51.1 303.2 51.1 333.3 32.4 333.3 32.4 303.2
P2768__1.0__861___1757 0.106464967132 42.2 -6.9 42.2 42.9 10.0 42.9 10.0 -6.9
P2754__1.0__2000___2000 0.121674314141 525.2 368.0 525.2 403.9 471.5 403.9 471.5 368.0
P2714__1.0__2000___1850 0.127006933093 266.2 137.0 266.2 178.2 241.0 178.2 241.0 137.0
P1268__1.0__500___3000 0.113498270512 216.3 8.8 208.4 21.8 188.1 11.5 196.0 -1.4
P1323__1.0__3000___2000 0.134925678372 115.8 287.1 103.5 299.4 80.9 276.5 93.2 264.2
P1410__1.0__3500___3500 0.130825802684 277.1 -3.6 277.1 31.2 263.3 31.2 263.3 -3.6
P2331__1.0__1500___1359 0.114003784955 350.1 434.7 350.1 481.9 294.2 481.9 294.2 434.7
P2331__1.0__1500___1359 0.104855157435 273.7 457.9 261.4 473.2 251.2 451.3 263.5 436.0
P2721__1.0__500___1000 0.111534334719 205.1 8.4 205.1 27.7 181.5 27.7 181.5 8.4
P1432__1.0__1500___2500 0.114555224776 138.1 99.0 82.3 227.5 -5.1 142.9 50.8 14.5
P0882__1.0__398___1000 0.217269614339 454.0 20.2 454.0 159.5 381.3 159.5 381.3 20.2
P2331__1.0__500___1000 0.307182997465 278.6 464.7 278.6 498.5 252.9 498.5 252.9 464.7
P2331__1.0__500___1000 0.239050462842 284.7 386.1 284.7 418.5 254.1 418.5 254.1 386.1
P0385__1.0__276___285 0.101291850209 636.9 403.0 482.2 579.5 328.0 376.2 482.7 199.7
P0770__1.0__500___0 0.271096140146 588.5 471.9 545.6 528.2 495.1 484.0 538.0 427.7
P2721__1.0__1500___1500 0.159161537886 311.5 200.0 300.6 207.6 282.6 188.2 293.6 180.6
P2721__1.0__1500___1500 0.101715162396 422.2 258.9 412.6 267.0 406.0 257.8 415.5 249.7
P1373__1.0__2000___1500 0.292439818382 277.0 319.5 271.9 359.7 245.8 357.3 250.9 317.1
P1373__1.0__2000___1500 0.280519962311 251.1 318.5 247.6 353.6 217.6 349.8 221.2 314.7
P1471__1.0__3500___4446 0.151737973094 458.4 45.1 458.4 158.6 377.6 158.6 377.6 45.1
P1471__1.0__3500___4446 0.125349193811 601.7 47.9 601.7 155.8 538.6 155.8 538.6 47.9
P1179__1.0__1000___3000 0.100253246725 419.4 421.5 395.8 464.2 367.9 446.5 391.6 403.8
P2385__1.0__500___1000 0.149181842804 595.4 3.3 595.4 32.3 575.9 32.3 575.9 3.3
P2385__1.0__500___1000 0.116359248757 576.8 2.5 576.8 25.2 563.3 25.2 563.3 2.5
P0833__1.0__1000___559 0.447618275881 515.8 173.5 415.8 225.1 359.6 78.4 459.7 26.9
P1456__1.0__500___1500 0.442370295525 509.8 158.7 509.8 349.5 382.5 349.5 382.5 158.7
P1456__1.0__500___1500 0.439490884542 266.6 164.1 266.6 343.8 144.6 343.8 144.6 164.1
P1456__1.0__500___1500 0.438555449247 382.2 166.9 382.2 340.9 269.1 340.9 269.1 166.9
P1456__1.0__500___1500 0.359151214361 141.2 161.5 141.2 346.9 22.3 346.9 22.3 161.5
P5789__1.0__12000___1000 0.150710910559 477.7 26.1 460.1 30.7 455.3 9.8 472.9 5.2
P5789__1.0__12000___1000 0.141369834542 452.6 22.3 435.2 22.6 431.6 -2.2 449.0 -2.4
P2768__1.0__500___1500 0.330308675766 219.2 261.2 219.2 295.5 185.3 295.5 185.3 261.2
P2768__1.0__500___1500 0.133942782879 412.8 522.8 400.2 534.3 392.3 514.1 404.9 502.6
P2768__1.0__500___1500 0.124911963940 412.7 576.2 401.3 588.8 392.1 573.1 403.6 560.5
P2768__1.0__500___1500 0.118319362402 350.3 259.8 350.3 295.3 325.4 295.3 325.4 259.8
P2768__1.0__500___1500 0.110794521868 388.2 259.5 388.2 295.7 352.0 295.7 352.0 259.5
P1376__1.0__4000___1000 0.130985796452 352.2 477.8 314.0 493.0 293.4 445.6 331.5 430.5
P2724__1.0__0___0 0.151829257607 566.4 451.6 566.4 480.2 540.8 480.2 540.8 451.6
P1342__1.0__2000___3000 0.118949174881 21.0 481.6 21.0 506.2 -1.8 506.2 -1.8 481.6
P1456__1.0__0___1000 0.488924622536 474.2 52.9 474.2 254.9 345.5 254.9 345.5 52.9
P1456__1.0__0___1000 0.483143597841 475.0 301.2 475.0 495.0 344.2 495.0 344.2 301.2
P1432__1.0__1000___1500 0.360651552677 445.5 235.5 389.5 247.3 366.2 151.7 422.2 139.8
P2701__1.0__500___1000 0.122443012893 567.2 360.8 559.6 375.4 539.4 361.8 547.1 347.2
P1240__1.0__2500___2000 0.296758264303 547.5 300.3 532.8 307.4 520.4 280.3 535.1 273.3
P1240__1.0__2500___2000 0.278244465590 477.9 359.0 461.9 362.5 446.3 325.1 462.3 321.6
P1240__1.0__2500___2000 0.275697499514 524.4 309.9 509.7 314.3 498.3 280.0 513.0 275.6
P1240__1.0__2500___2000 0.121850565076 496.2 356.2 482.6 359.4 468.1 327.4 481.7 324.1
P0673__1.0__515___547 0.624698519707 401.2 131.7 318.0 222.7 233.6 117.4 316.8 26.4
P0673__1.0__515___547 0.555692791939 374.1 222.5 282.0 353.1 166.2 244.0 258.3 113.5
P0673__1.0__515___547 0.311476111412 411.1 14.9 367.5 65.4 312.9 10.6 356.6 -39.9
P2166__1.0__0___265 0.240572750568 368.3 -3.6 368.3 40.2 322.9 40.2 322.9 -3.6
P2166__1.0__0___265 0.156638935208 410.7 -4.5 410.7 32.5 369.2 32.5 369.2 -4.5
P1432__1.0__1000___2500 0.150829479098 605.8 19.7 605.8 104.0 550.2 104.0 550.2 19.7
P5789__1.0__26000___7000 0.106960095465 600.8 106.9 584.1 116.0 571.8 88.6 588.5 79.5
P1471__1.0__3000___1000 0.134974256158 247.2 97.8 247.2 338.8 85.0 338.8 85.0 97.8
P2721__1.0__2500___1000 0.140266820788 343.0 394.5 343.0 417.1 324.9 417.1 324.9 394.5
P0833__1.0__1041___0 0.641013085842 396.9 482.0 311.8 542.6 237.9 409.6 323.1 349.0
P0833__1.0__1041___0 0.512904167175 257.7 528.8 174.0 582.4 115.1 450.0 198.8 396.4
P1323__1.0__500___3400 0.135593459010 371.8 398.2 356.0 408.0 345.5 383.6 361.3 373.8
P0352__1.0__500___0 0.239446669817 450.5 124.6 391.1 183.2 327.8 93.3 387.2 34.8
P0352__1.0__500___0 0.108504392207 496.3 -28.0 496.3 103.8 387.2 103.8 387.2 -28.0
P0683__1.0__1429___0 0.112026013434 278.7 496.7 278.7 587.0 205.3 587.0 205.3 496.7
P8287__1.0__500___3000 0.101853050292 104.9 188.5 104.9 399.2 -53.3 399.2 -53.3 188.5
P2331__1.0__1000___0 0.144771397114 499.9 569.0 499.9 602.5 471.8 602.5 471.8 569.0
P2331__1.0__1000___0 0.120181567967 529.4 571.9 529.4 600.0 498.0 600.0 498.0 571.9
P2331__1.0__1000___0 0.115642361343 468.4 573.4 468.4 597.1 448.1 597.1 448.1 573.4
P5789__1.0__27500___4500 0.156064301729 163.1 514.1 144.4 519.0 137.2 498.4 156.0 493.5
P1829__1.0__500___500 0.129652872682 166.0 193.2 166.0 314.3 54.1 314.3 54.1 193.2
P1410__1.0__4000___1500 0.536375045776 183.6 176.3 140.3 204.6 122.9 155.6 166.2 127.3
P2504__1.0__1000___0 0.215168863535 381.5 448.0 324.3 470.5 302.5 388.8 359.6 366.2
P1240__1.0__3000___2000 0.303612679243 23.1 312.5 5.1 317.1 -0.6 283.0 17.4 278.4
P1240__1.0__3000___2000 0.287296116352 46.8 306.0 27.9 310.4 20.5 274.4 39.4 270.0
P1471__1.0__3500___4000 0.211950063705 455.3 483.6 455.3 600.2 388.4 600.2 388.4 483.6
P1471__1.0__3500___4000 0.167082384229 597.3 489.9 597.3 593.6 542.3 593.6 542.3 489.9
P1440__1.0__0___500 0.563271999359 398.5 575.6 279.4 619.6 213.5 420.0 332.6 376.0
P1440__1.0__0___500 0.329786628485 295.3 609.2 177.6 656.9 108.9 474.0 226.6 426.4
P2714__1.0__3500___500 0.118657074869 266.5 370.5 248.4 405.2 224.6 395.3 242.6 360.6
P2085__1.0__613___0 0.440595000982 364.6 284.2 279.5 325.2 238.1 199.6 323.1 158.6
P2085__1.0__613___0 0.348494350910 149.0 263.6 66.5 304.1 29.7 178.7 112.3 138.3
P5789__1.0__26500___7000 0.106707297266 98.5 104.9 84.7 113.2 73.8 90.8 87.7 82.5
P1432__1.0__2787___2500 0.398268640041 374.0 201.7 317.6 230.7 278.2 145.5 334.6 116.5
P2714__1.0__3000___1000 0.100823149085 288.4 478.8 275.2 513.4 257.2 501.7 270.4 467.1
P1463__1.0__2000___2000 0.144237726927 491.5 117.0 400.0 274.3 249.4 150.1 340.9 -7.3
P1463__1.0__2000___2000 0.129513621330 645.4 194.4 560.0 337.8 415.7 224.6 501.1 81.2
P1471__1.0__2000___0 0.253234475851 484.6 482.3 484.6 633.4 367.0 633.4 367.0 482.3
P1471__1.0__2000___0 0.144302397966 590.8 495.8 590.8 619.7 500.7 619.7 500.7 495.8
P2168__1.0__1419___574 0.594063818455 465.8 373.7 413.5 394.8 394.7 311.4 446.9 290.3
P2168__1.0__1419___574 0.531975507736 533.3 292.2 533.3 399.1 463.1 399.1 463.1 292.2
P2168__1.0__1419___574 0.502943813801 459.3 200.6 459.3 276.0 407.7 276.0 407.7 200.6
P2168__1.0__1419___574 0.445765525103 526.6 203.6 526.6 279.1 475.8 279.1 475.8 203.6
P2166__1.0__0___0 0.235012933612 380.8 188.1 380.8 295.7 277.9 295.7 277.9 188.1
P2166__1.0__0___0 0.162205874920 418.1 210.6 418.1 273.2 361.4 273.2 361.4 210.6
P0833__1.0__500___0 0.555078089237 241.3 122.0 157.3 232.3 43.5 112.2 127.5 2.0
P0833__1.0__500___0 0.417816847563 131.2 216.3 44.7 317.5 -54.5 193.7 32.1 92.5
P2168__1.0__500___500 0.274286121130 554.6 445.2 554.6 495.8 480.5 495.8 480.5 445.2
P2168__1.0__500___500 0.130445420742 503.9 495.6 503.9 516.5 460.9 516.5 460.9 495.6
P2168__1.0__500___500 0.129583120346 607.5 459.6 607.5 520.7 554.2 520.7 554.2 459.6
P1240__1.0__2000___2000 0.114621080458 317.8 1.4 317.8 19.5 293.9 19.5 293.9 1.4
P1268__1.0__2000___3020 0.139367341995 363.8 456.5 345.8 461.1 329.2 419.7 347.2 415.1
P1240__1.0__2500___1500 0.126518353820 38.3 219.2 21.7 225.1 5.0 185.5 21.5 179.6
P1384__1.0__0___3000 0.122026197612 413.4 178.5 402.6 204.0 382.7 193.2 393.6 167.7
P1384__1.0__0___3000 0.100970178843 448.3 177.3 433.0 207.3 404.0 195.6 419.3 165.6
P8287__1.0__0___3000 0.174804195762 569.1 207.6 569.1 371.4 441.8 371.4 441.8 207.6
P2168__1.0__1000___500 0.212005510926 117.1 509.4 68.7 531.1 44.7 470.8 93.2 449.1
P1471__1.0__0___1500 0.115471079946 564.9 458.3 564.9 625.7 446.8 625.7 446.8 458.3
P0833__1.0__1041___500 0.541133821011 471.0 225.5 383.7 282.1 318.0 146.0 405.2 89.4
P0833__1.0__1041___500 0.170037299395 267.9 61.7 191.6 117.5 127.6 13.4 203.9 -42.4
P2194__1.0__1116___0 0.399585455656 47.2 405.7 47.2 533.1 -36.0 533.1 -36.0 405.7
P1373__1.0__1500___2000 0.297672122717 556.5 568.6 536.0 586.3 511.6 540.5 532.1 522.8
P1373__1.0__1500___2000 0.250263303518 532.9 579.6 519.8 587.1 503.2 560.5 516.3 553.0
P1373__1.0__1500___2000 0.248590067029 575.8 561.7 557.6 572.3 531.6 530.1 549.7 519.5
P1373__1.0__1500___2000 0.147359579802 225.1 538.7 211.4 550.5 186.5 520.4 200.3 508.6
P1373__1.0__1500___2000 0.133938997984 241.8 528.9 225.3 540.0 201.7 499.9 218.2 488.8
P2542__1.0__500___500 0.145357638597 197.5 391.1 136.1 459.3 62.0 389.1 123.4 320.9
P1230__1.0__4000___500 0.281691133976 374.9 116.4 349.7 134.0 334.7 105.1 359.9 87.5
P1230__1.0__4000___500 0.246851027012 334.3 65.8 320.7 73.7 310.1 58.5 323.7 50.6
P1230__1.0__4000___500 0.238400578499 353.9 88.2 329.8 103.3 315.6 76.5 339.6 61.4
P2331__1.0__0___1000 0.113593854010 514.3 324.5 478.0 347.2 449.2 295.1 485.5 272.3
P5789__1.0__10000___1500 0.110991664231 469.2 582.8 450.5 591.5 438.9 565.4 457.6 556.7
P1189__1.0__304___265 0.593175590038 400.7 431.9 348.0 473.2 290.8 389.9 343.5 348.7
P1189__1.0__304___265 0.573020875454 329.3 357.7 286.4 404.6 225.6 344.6 268.4 297.7
P0673__1.0__0___500 0.280813097954 195.9 13.8 152.1 64.6 86.7 3.4 130.5 -47.3
P2714__1.0__1000___1850 0.103241868317 340.9 151.7 319.2 149.8 318.9 117.5 340.7 119.4
P2563__1.0__500___500 0.141318649054 400.9 -36.0 400.9 79.2 306.3 79.2 306.3 -36.0
P2768__1.0__861___1500 0.152963981032 50.6 500.6 50.6 534.3 33.0 534.3 33.0 500.6
P2768__1.0__861___1500 0.145883128047 51.0 559.6 51.0 588.9 32.2 588.9 32.2 559.6
P0659__1.0__20___0 0.618613183498 357.4 307.5 283.1 373.0 205.1 271.3 279.4 205.7
P2197__1.0__1500___500 0.214966446161 263.2 246.2 263.2 270.1 245.5 270.1 245.5 246.2
P2754__1.0__2500___1500 0.187344476581 405.7 1.4 405.7 59.3 358.6 59.3 358.6 1.4
P1268__1.0__1500___3000 0.172678649426 280.3 553.3 266.4 586.1 212.9 562.4 226.8 529.6
P1315__1.0__1000___2500 0.116261608899 98.9 -3.7 98.9 31.5 72.7 31.5 72.7 -3.7
P0131__1.0__500___0 0.492440283298 405.2 285.7 405.2 358.0 350.5 358.0 350.5 285.7
P0131__1.0__500___0 0.387231469154 594.7 279.6 594.7 356.9 552.8 356.9 552.8 279.6
P0131__1.0__500___0 0.379277884960 476.7 278.8 476.7 365.3 429.3 365.3 429.3 278.8
P1432__1.0__0___2500 0.521289288998 384.9 582.2 337.1 616.6 272.8 549.0 320.6 514.6
P2085__1.0__0___1 0.191185951233 598.2 129.8 598.2 273.9 501.5 273.9 501.5 129.8
P1474__1.0__1500___3000 0.156815350056 420.1 291.1 420.1 320.7 392.4 320.7 392.4 291.1
P1474__1.0__1500___3000 0.131742730737 415.5 260.1 415.5 294.6 381.6 294.6 381.6 260.1
P0457__1.0__803___281 0.138536542654 270.4 159.6 157.5 246.7 46.3 76.4 159.3 -10.6
P1189__1.0__0___265 0.523860514164 634.1 357.6 589.0 406.2 528.3 343.5 573.4 294.8
P0374__1.0__742___0 0.523322999477 141.2 463.5 50.7 513.4 -9.7 378.8 80.7 328.9
P0374__1.0__742___0 0.284717261791 538.1 477.1 460.3 552.4 379.3 438.3 457.1 362.9
P1854__1.0__12500___500 0.197774082422 351.5 287.4 321.9 311.4 291.5 275.8 321.2 251.9
P1854__1.0__12500___500 0.189552038908 313.9 347.8 245.5 384.6 194.7 304.3 263.1 267.6
P1854__1.0__12500___500 0.185933306813 212.1 92.7 183.6 112.4 160.0 78.5 188.4 58.8
P1854__1.0__12500___500 0.185108318925 284.9 398.3 179.5 472.4 94.9 341.6 200.3 267.5
P1854__1.0__12500___500 0.149595335126 164.6 28.9 138.4 43.8 119.1 13.3 145.3 -1.7
P1854__1.0__12500___500 0.136559456587 309.8 225.9 275.4 246.6 246.1 207.9 280.5 187.2
P1854__1.0__12500___500 0.130069628358 172.4 80.1 172.4 179.5 71.1 179.5 71.1 80.1
P1854__1.0__12500___500 0.102435871959 154.1 384.9 154.1 449.8 90.5 449.8 90.5 384.9
P2754__1.0__500___500 0.128676861525 594.8 112.4 594.8 251.2 504.6 251.2 504.6 112.4
P0385__1.0__0___285 0.594643473625 223.8 325.5 119.8 392.9 44.3 239.3 148.2 171.9
P0385__1.0__0___285 0.141149371862 102.0 240.5 102.0 467.3 -58.0 467.3 -58.0 240.5
P1474__1.0__1500___2500 0.127418309450 545.7 61.0 520.6 73.4 508.7 47.8 533.8 35.4
P1323__1.0__2500___2000 0.166004583240 602.7 299.7 585.0 310.3 569.6 273.8 587.3 263.2
P1323__1.0__2500___2000 0.132549777627 594.1 176.4 577.2 181.2 570.2 148.2 587.2 143.4
P2563__1.0__1000___500 0.208181902766 232.7 -14.7 232.7 58.4 154.8 58.4 154.8 -14.7
P0673__1.0__0___0 0.684446930885 291.5 402.5 200.2 512.5 88.5 390.5 179.8 280.5
P0673__1.0__0___0 0.609468340874 324.2 294.8 244.4 380.1 143.1 276.8 222.9 191.4
P0673__1.0__0___0 0.473849654198 231.0 514.3 147.3 602.2 53.0 495.5 136.6 407.6
P2745__1.0__3000___1899 0.126954138279 416.9 -13.6 416.9 33.0 354.9 33.0 354.9 -13.6
P1463__1.0__2500___2000 0.134497120976 152.8 79.5 152.8 340.4 -69.3 340.4 -69.3 79.5
P1440__1.0__500___1045 0.206898599863 72.4 -9.3 72.4 181.0 -52.8 181.0 -52.8 -9.3
P2168__1.0__1419___500 0.604457497597 466.1 364.9 466.1 470.4 394.4 470.4 394.4 364.9
P2168__1.0__1419___500 0.547817647457 533.0 365.0 533.0 471.8 463.7 471.8 463.7 365.0
P2168__1.0__1419___500 0.532641589642 462.4 271.9 462.4 354.7 404.3 354.7 404.3 271.9
P2168__1.0__1419___500 0.501729905605 529.4 272.5 529.4 355.9 473.3 355.9 473.3 272.5
P5171__1.0__1500___1500 0.115491680801 443.0 317.6 426.0 344.1 392.8 325.8 409.7 299.3
P1384__1.0__2000___500 0.190958395600 155.4 299.9 155.4 503.8 23.7 503.8 23.7 299.9
P1384__1.0__2000___500 0.156367525458 197.1 197.3 109.2 297.2 46.9 182.2 134.8 82.4
P4151__1.0__5000___2500 0.218016892672 559.2 460.4 507.4 574.3 403.9 516.7 455.7 402.7
P0385__1.0__0___0 0.230101421475 197.0 430.7 197.0 637.4 30.5 637.4 30.5 430.7
P0150__1.0__0___12 0.104842469096 525.5 169.6 504.7 207.1 486.0 195.5 506.9 158.0
P0374__1.0__500___0 0.627794265747 294.2 527.4 196.0 587.1 125.0 444.0 223.1 384.3
P0374__1.0__500___0 0.599475383759 386.1 455.8 298.4 513.0 224.9 380.4 312.5 323.2
P0673__1.0__515___0 0.372819423676 432.5 562.3 373.7 634.0 292.3 558.3 351.2 486.6
P2714__1.0__1500___1850 0.100604832172 337.7 582.5 329.1 595.6 306.6 582.8 315.2 569.8
P2714__1.0__2000___1500 0.123108625412 265.1 487.3 265.1 523.9 242.2 523.9 242.2 487.3
P0833__1.0__0___0 0.606277942657 524.5 303.7 442.8 396.5 343.2 273.9 424.9 181.1
P0833__1.0__0___0 0.470070421696 320.9 463.7 233.2 574.8 124.0 450.3 211.7 339.2
P0833__1.0__0___0 0.459385454655 625.7 222.1 536.7 315.2 442.9 187.8 532.0 94.7
P0833__1.0__0___0 0.445721685886 422.1 368.2 340.5 485.0 229.6 377.0 311.2 260.2
P0673__1.0__500___0 0.405938267708 439.1 564.1 386.5 624.5 317.0 556.4 369.6 496.1
P2197__1.0__500___0 0.212025478482 411.6 301.0 322.5 409.9 232.8 308.7 321.9 199.7
P1377__1.0__2500___500 0.159465387464 54.4 232.3 54.4 379.3 -35.2 379.3 -35.2 232.3
P2718__1.0__500___1000 0.154110550880 592.3 355.0 592.3 385.0 571.2 385.0 571.2 355.0
P2404__1.0__3000___500 0.363048702478 226.3 108.0 189.7 114.9 176.8 55.3 213.4 48.4
P2404__1.0__3000___500 0.130513146520 206.7 128.5 177.7 137.8 166.0 98.8 195.1 89.5
P2404__1.0__3000___500 0.117690131068 173.9 47.2 173.9 84.7 150.5 84.7 150.5 47.2
P1854__1.0__12000___500 0.177026659250 514.3 229.9 483.9 243.0 466.5 206.3 496.9 193.2
P1471__1.0__2500___500 0.307211130857 102.5 20.8 102.5 199.6 5.6 199.6 5.6 20.8
P1257__1.0__3400___1500 0.168037503958 581.4 0.2 581.4 26.0 572.6 26.0 572.6 0.2
P1257__1.0__3400___1500 0.154237061739 567.3 -2.6 567.3 22.9 556.4 22.9 556.4 -2.6
P1257__1.0__3400___1500 0.141035377979 593.4 -1.9 593.4 28.7 587.3 28.7 587.3 -1.9
P1878__1.0__42___459 0.135455742478 374.6 6.0 374.6 46.2 341.3 46.2 341.3 6.0
P0161__1.0__2000___1500 0.103248201311 373.1 543.4 373.1 580.6 343.0 580.6 343.0 543.4
P2502__1.0__0___500 0.127040103078 470.5 114.2 454.6 142.2 420.8 121.3 436.7 93.3
P2722__1.0__3423___1500 0.132433369756 161.3 47.9 134.6 54.6 129.3 29.6 156.0 22.9
P0841__1.0__1500___1500 0.103642396629 83.0 19.5 62.5 24.3 57.4 1.4 77.9 -3.4
P1242__1.0__1000___1500 0.212090522051 437.9 522.1 437.0 548.1 414.4 546.7 415.4 520.6
P1184__1.0__1000___1000 0.255147963762 218.2 76.4 174.0 187.3 80.9 142.3 125.2 31.4
P2563__1.0__500___0 0.393886834383 406.8 425.6 406.8 602.1 300.5 602.1 300.5 425.6
P1242__1.0__1500___3000 0.134617626667 453.2 123.1 450.8 140.9 415.1 129.2 417.6 111.4
P2802__1.0__1500___2500 0.104188799858 431.4 328.6 431.4 394.7 371.6 394.7 371.6 328.6
P1471__1.0__0___2000 0.134538561106 568.4 -4.7 568.4 201.1 427.5 201.1 427.5 -4.7
P0673__1.0__515___500 0.691759586334 411.6 169.4 325.8 275.7 223.0 169.1 308.7 62.8
P0673__1.0__515___500 0.579663336277 370.2 279.9 275.9 393.6 170.2 282.4 264.5 168.7
P0673__1.0__515___500 0.410391330719 427.3 70.1 371.2 132.3 296.8 51.4 352.8 -10.9
P1471__1.0__4000___4000 0.166518390179 102.0 496.4 102.0 594.7 45.7 594.7 45.7 496.4
P1377__1.0__3194___2500 0.101253092289 547.5 13.2 492.4 81.7 440.9 47.5 495.9 -21.1
P2754__1.0__1000___500 0.184183195233 106.6 96.6 106.6 267.2 -6.9 267.2 -6.9 96.6
P1751__1.0__0___500 0.118574418128 48.0 13.0 30.8 22.1 20.4 6.9 37.6 -2.3
P2718__1.0__3000___1000 0.181503146887 395.5 573.5 395.5 598.1 377.5 598.1 377.5 573.5
P2718__1.0__3000___1000 0.129085853696 370.5 577.9 370.5 601.4 352.6 601.4 352.6 577.9
P0150__1.0__0___0 0.115347534418 526.4 181.8 503.8 220.3 485.0 207.6 507.6 169.2
P1471__1.0__3500___500 0.250780373812 585.3 282.6 585.3 450.3 442.3 450.3 442.3 282.6
P1471__1.0__3500___500 0.111534170806 613.1 325.1 613.1 407.3 559.0 407.3 559.0 325.1
P1440__1.0__500___1000 0.280545473099 81.3 15.8 81.3 236.3 -61.6 236.3 -61.6 15.8
P2766__1.0__3000___0 0.105913087726 473.8 384.2 473.8 419.9 450.8 419.9 450.8 384.2
P2766__1.0__3000___0 0.101833462715 440.6 389.5 440.6 422.5 418.1 422.5 418.1 389.5
P2718__1.0__1500___1000 0.109776817262 593.6 231.5 587.4 256.6 561.0 253.8 567.2 228.7
P4151__1.0__5500___2500 0.142860561609 288.4 436.3 215.8 497.8 130.7 406.2 203.3 344.7
P1315__1.0__1000___1500 0.136699438095 35.1 448.1 35.1 466.8 15.3 466.8 15.3 448.1
P1315__1.0__1000___1500 0.111754007638 23.4 417.5 23.4 441.8 3.8 441.8 3.8 417.5
P1463__1.0__2500___2446 0.103143289685 416.0 244.6 361.2 338.7 284.2 294.8 339.0 200.7
P2714__1.0__2000___0 0.108691684902 425.0 430.6 425.0 446.2 402.2 446.2 402.2 430.6
P0770__1.0__1000___0 0.216382503510 76.7 469.4 42.1 514.3 6.0 486.0 40.6 441.1
P1474__1.0__2472___2000 0.156744837761 560.0 310.4 533.2 315.0 524.4 269.1 551.2 264.5
P2168__1.0__1000___574 0.220829039812 114.1 433.8 71.9 455.1 48.0 400.3 90.2 378.9
P1373__1.0__2000___2000 0.320866703987 53.8 567.2 35.6 582.0 14.6 542.4 32.9 527.6
P1373__1.0__2000___2000 0.263233363628 33.1 580.5 21.2 586.8 3.8 559.4 15.8 553.2
P1373__1.0__2000___2000 0.204012006521 68.8 555.1 52.8 566.7 31.5 528.9 47.5 517.3
P1234__1.0__1000___3400 0.103769995272 207.2 246.4 208.4 266.6 157.4 253.3 156.2 233.2
P1373__1.0__1000___500 0.149544641376 308.8 427.2 297.2 434.0 281.0 409.5 292.5 402.7
P1601__1.0__500___2500 0.109537228942 425.2 556.1 406.8 571.2 389.4 552.4 407.8 537.4
P2085__1.0__0___0 0.201309442520 598.8 251.4 528.0 279.8 500.9 160.0 571.7 131.6
P1432__1.0__1500___2000 0.163524344563 124.7 574.0 76.1 617.2 31.8 549.0 80.4 505.8
P0770__1.0__1010___0 0.203780457377 59.8 475.0 32.4 508.5 1.0 480.7 28.4 447.2
P1463__1.0__500___1000 0.636815369129 449.5 235.8 356.9 325.1 251.2 182.4 343.8 93.1
P1463__1.0__500___1000 0.589435279369 578.1 309.3 470.0 390.0 370.3 222.4 478.4 141.7
P1463__1.0__500___1000 0.191331475973 638.5 -22.3 638.5 145.7 501.1 145.7 501.1 -22.3
P1463__1.0__500___1000 0.166716277599 511.3 49.3 439.0 121.9 340.1 24.6 412.4 -48.0
P1786__1.0__2000___1500 0.116211719811 415.0 195.3 312.1 318.1 204.6 224.9 307.5 102.1
P0457__1.0__500___0 0.228613287210 418.3 532.3 301.3 620.8 178.5 431.1 295.5 342.5
P0457__1.0__500___0 0.156574845314 570.9 427.8 459.6 529.1 337.5 367.3 448.8 266.0
P2724__1.0__500___0 0.196713402867 69.9 479.7 41.3 485.5 37.7 451.0 66.3 445.2
P2754__1.0__2857___1500 0.163647532463 45.2 8.4 45.2 59.2 6.6 59.2 6.6 8.4
P0673__1.0__500___547 0.647815883160 411.8 130.2 333.0 220.3 248.7 119.0 327.5 28.9
P0673__1.0__500___547 0.573073625565 381.5 229.1 292.1 347.8 183.7 237.7 273.1 119.1
P0673__1.0__500___547 0.335927605629 421.8 13.6 381.6 59.5 333.6 11.5 373.8 -34.4
P1518__1.0__1000___2500 0.102990970016 440.9 307.6 432.3 321.5 418.9 305.3 427.5 291.4
P2724__1.0__2000___1856 0.117355145514 510.1 190.0 510.1 270.2 462.8 270.2 462.8 190.0
P2724__1.0__2000___1856 0.112205594778 457.1 222.1 457.1 261.6 443.6 261.6 443.6 222.1
P2791__1.0__3000___5000 0.318335980177 370.7 338.9 284.1 481.3 128.8 360.5 215.4 218.0
P2754__1.0__2500___1000 0.562399327755 428.3 505.0 387.0 545.6 351.6 483.6 392.9 442.9
P2754__1.0__2500___1000 0.456128388643 445.0 394.4 415.0 418.2 389.0 377.4 419.1 353.7
P2754__1.0__2500___1000 0.378965526819 348.0 420.8 307.9 475.7 261.8 431.2 301.9 376.3
P2754__1.0__2500___1000 0.116740137339 440.3 339.5 433.9 371.4 412.5 367.3 418.9 335.4
P2754__1.0__2500___1000 0.111443959177 429.5 409.3 413.5 457.2 382.8 441.8 398.8 393.9
P1230__1.0__3000___0 0.122025825083 448.2 396.6 448.2 439.3 427.4 439.3 427.4 396.6
P1240__1.0__1000___0 0.147325232625 139.8 93.3 110.1 122.4 72.4 80.1 102.1 51.0
P1315__1.0__500___2000 0.111822269857 125.4 406.3 113.5 427.9 85.9 421.4 97.7 399.8
P0833__1.0__1041___559 0.449861854315 469.2 170.9 376.9 221.6 319.2 81.9 411.5 31.3
P1373__1.0__1500___2500 0.322826981544 555.9 69.3 540.1 82.1 513.5 46.4 529.2 33.6
P1373__1.0__1500___2500 0.247960418463 534.4 80.4 521.3 88.2 501.6 59.1 514.7 51.3
P1373__1.0__1500___2500 0.236553728580 568.6 53.4 556.9 58.8 540.6 31.8 552.4 26.4
P1373__1.0__1500___2500 0.136643186212 242.8 32.6 226.0 40.7 210.0 10.8 226.8 2.7
P1373__1.0__1500___2500 0.118836581707 222.2 37.7 210.1 47.6 190.0 22.4 202.1 12.5
P2168__1.0__500___574 0.238918960094 557.5 372.7 557.5 423.1 478.0 423.1 478.0 372.7
P2168__1.0__500___574 0.206306561828 609.9 384.1 609.9 451.0 552.0 451.0 552.0 384.1
P1471__1.0__2500___0 0.108174599707 104.8 503.8 104.8 619.7 2.8 619.7 2.8 503.8
P0146__1.0__500___0 0.499752819538 309.7 473.4 257.5 530.0 198.5 450.5 250.8 393.8
P0146__1.0__500___0 0.413200318813 354.3 351.0 299.2 402.6 233.4 316.3 288.6 264.7
P1184__1.0__500___5000 0.184853091836 496.1 485.4 434.3 635.9 292.3 565.1 354.1 414.5
P2721__1.0__1000___1500 0.109504327178 181.5 286.0 181.5 317.7 158.0 317.7 158.0 286.0
P0242__1.0__0___0 0.279357284307 173.8 469.3 173.8 589.6 103.8 589.6 103.8 469.3
P0833__1.0__1000___0 0.636632084846 443.0 483.0 352.7 548.9 273.0 409.1 363.3 343.2
P0833__1.0__1000___0 0.562479436398 305.8 533.0 218.4 589.0 153.8 446.2 241.2 390.2
P1384__1.0__1000___4500 0.119173049927 365.8 211.1 365.8 232.9 349.8 232.9 349.8 211.1
P1315__1.0__0___2500 0.107619285583 325.2 12.6 312.0 25.1 296.1 7.3 309.2 -5.2
P0659__1.0__0___0 0.615578770638 377.9 301.3 304.4 370.8 224.6 277.4 298.1 207.9
P2714__1.0__0___0 0.234194472432 551.8 421.2 549.6 444.1 517.4 437.9 519.6 415.1
P0374__1.0__742___500 0.341274857521 518.8 77.1 443.3 148.9 365.3 29.3 440.8 -42.5
P0374__1.0__742___500 0.105497062206 72.8 -22.1 72.8 57.8 -21.4 57.8 -21.4 -22.1
P0150__1.0__122___0 0.103822544217 406.5 182.6 382.6 219.8 364.3 206.2 388.2 168.9
P0368__1.0__199___500 0.629796266556 594.0 255.9 511.4 328.7 411.0 194.7 493.5 121.9
P2722__1.0__3423___1000 0.101433530450 157.8 544.3 138.0 550.5 133.3 532.5 153.2 526.3
P2722__1.0__3000___1500 0.150635629892 581.7 22.6 581.7 53.7 551.7 53.7 551.7 22.6
P2331__1.0__500___1359 0.349800914526 278.6 105.4 278.6 138.2 252.8 138.2 252.8 105.4
P2331__1.0__500___1359 0.249308660626 281.3 44.0 281.3 81.7 251.2 81.7 251.2 44.0
P2331__1.0__500___1359 0.161513835192 282.4 14.6 282.4 37.0 257.7 37.0 257.7 14.6
P2331__1.0__1500___0 0.159857749939 137.1 568.4 137.1 596.4 116.2 596.4 116.2 568.4
P2331__1.0__1500___0 0.155248120427 24.7 572.0 24.7 599.8 3.1 599.8 3.1 572.0
P2331__1.0__1500___0 0.149810597301 171.2 569.6 171.2 595.7 144.2 595.7 144.2 569.6
P2331__1.0__1500___0 0.134714469314 198.8 571.1 198.8 600.5 173.5 600.5 173.5 571.1
P2570__1.0__1000___500 0.104515634477 313.6 378.0 313.6 586.1 178.7 586.1 178.7 378.0
