P0075__1.0__0___0 0.512675464153 267.8 345.1 267.8 419.7 198.9 419.7 198.9 345.1
P1570__1.0__3400___3000 0.105641409755 61.8 20.5 61.8 47.6 31.8 47.6 31.8 20.5
P2766__1.0__2000___3500 0.131195068359 376.7 250.4 376.7 354.2 283.3 354.2 283.3 250.4
P5789__1.0__26000___1000 0.112355150282 526.0 5.9 526.0 30.7 501.7 30.7 501.7 5.9
P5337__1.0__1500___3496 0.273222535849 490.7 217.2 490.7 240.8 465.2 240.8 465.2 217.2
P2547__1.0__3000___0 0.428367793560 551.6 277.4 551.6 325.6 509.0 325.6 509.0 277.4
P1410__1.0__2500___2000 0.142475068569 599.8 141.2 599.8 406.5 347.5 406.5 347.5 141.2
P1700__1.0__0___3400 0.483326673508 468.9 187.9 468.9 247.8 407.5 247.8 407.5 187.9
P1700__1.0__0___3400 0.109401196241 524.7 194.8 524.7 217.1 495.8 217.1 495.8 194.8
P0704__1.0__1000___836 0.126473829150 628.8 416.6 628.8 538.9 518.8 538.9 518.8 416.6
P2404__1.0__3000___3500 0.103492848575 101.5 58.4 101.5 113.7 46.3 113.7 46.3 58.4
P2645__1.0__1000___2000 0.101692140102 126.0 111.9 126.0 228.5 5.5 228.5 5.5 111.9
P4957__1.0__424___0 0.119378328323 377.1 361.6 377.1 457.5 282.8 457.5 282.8 361.6
P1373__1.0__3400___1500 0.111980311573 48.6 383.3 48.6 476.3 -28.9 476.3 -28.9 383.3
P0047__1.0__0___0 0.119326338172 620.2 178.9 620.2 560.8 199.6 560.8 199.6 178.9
P9997__1.0__500___1500 0.278583705425 302.4 347.8 302.4 505.2 86.8 505.2 86.8 347.8
P2098__1.0__0___204 0.110711015761 209.7 366.8 209.7 429.3 146.9 429.3 146.9 366.8
P5728__1.0__0___424 0.101876690984 576.1 408.6 576.1 491.5 468.5 491.5 468.5 408.6
P1619__1.0__3000___2000 0.299981296062 608.7 27.5 608.7 80.4 563.7 80.4 563.7 27.5
P1693__1.0__2500___1000 0.441504210234 322.2 532.2 322.2 576.1 274.4 576.1 274.4 532.2
P5789__1.0__21000___24500 0.117975749075 598.5 80.5 598.5 107.2 565.9 107.2 565.9 80.5
P1579__1.0__2000___2000 0.137227773666 264.5 115.9 264.5 168.0 212.2 168.0 212.2 115.9
P2502__1.0__0___0 0.100190609694 598.9 113.4 504.0 196.1 374.2 50.1 469.1 -32.6
P1075__1.0__1563___1000 0.126985907555 113.7 419.8 113.7 544.2 50.1 544.2 50.1 419.8
P1065__1.0__1000___1500 0.224934682250 141.6 301.6 141.6 390.5 62.9 390.5 62.9 301.6
P1573__1.0__2000___1500 0.100971736014 117.3 390.5 117.3 429.5 71.0 429.5 71.0 390.5
P2768__1.0__500___1757 0.112876795232 391.8 76.8 391.8 327.2 180.2 327.2 180.2 76.8
P1242__1.0__3000___3400 0.355049610138 559.0 238.9 559.0 277.3 517.6 277.3 517.6 238.9
P1560__1.0__3400___3000 0.464032977819 361.1 428.9 361.1 478.5 314.6 478.5 314.6 428.9
P2678__1.0__3625___1500 0.136024907231 71.2 498.9 71.2 553.4 13.2 553.4 13.2 498.9
P1529__1.0__1500___500 0.124980732799 36.8 308.8 36.8 359.0 -8.8 359.0 -8.8 308.8
P1598__1.0__3000___1000 0.453184634447 231.3 444.5 231.3 503.1 172.8 503.1 172.8 444.5
P1770__1.0__2500___1000 0.378178745508 153.7 171.6 153.7 216.9 105.6 216.9 105.6 171.6
P1240__1.0__1500___500 0.118246763945 395.0 583.8 395.0 604.1 370.5 604.1 370.5 583.8
P1752__1.0__2000___2000 0.361730575562 296.2 531.7 296.2 560.2 268.3 560.2 268.3 531.7
P1752__1.0__2000___2000 0.290063768625 540.6 93.6 540.6 126.5 503.7 126.5 503.7 93.6
P1752__1.0__2000___2000 0.226559683681 537.9 417.4 537.9 450.7 507.4 450.7 507.4 417.4
P1752__1.0__2000___2000 0.130269467831 354.1 505.9 354.1 562.3 298.4 562.3 298.4 505.9
P1752__1.0__2000___2000 0.118480309844 325.7 555.8 325.7 608.6 262.2 608.6 262.2 555.8
P9169__1.0__424___424 0.136416599154 45.8 303.4 45.8 315.0 22.7 315.0 22.7 303.4
P1598__1.0__2500___2000 0.453891515732 426.9 509.8 426.9 557.8 378.0 557.8 378.0 509.8
P1598__1.0__2500___2000 0.308317750692 556.3 285.4 556.3 311.7 529.0 311.7 529.0 285.4
P0704__1.0__1500___836 0.146189510822 117.2 426.4 117.2 536.6 30.4 536.6 30.4 426.4
P5070__1.0__4500___4312 0.114618100226 627.9 218.8 627.9 401.4 431.7 401.4 431.7 218.8
P2547__1.0__500___1500 0.361312925816 216.8 193.2 216.8 216.8 195.3 216.8 195.3 193.2
P2547__1.0__500___1500 0.111052922904 182.8 -4.4 182.8 15.6 165.5 15.6 165.5 -4.4
P1958__1.0__188___0 0.106554239988 557.7 1.4 557.7 50.8 502.3 50.8 502.3 1.4
P7464__1.0__424___424 0.175434336066 422.5 438.0 422.5 461.0 396.4 461.0 396.4 438.0
P1759__1.0__3400___3000 0.425638496876 78.5 554.4 78.5 594.2 37.7 594.2 37.7 554.4
P1759__1.0__3400___3000 0.121439367533 43.8 575.1 43.8 605.3 0.3 605.3 0.3 575.1
P1598__1.0__2500___1000 0.517259359360 148.3 225.3 148.3 290.9 87.6 290.9 87.6 225.3
P2394__1.0__1205___0 0.267313331366 343.9 565.9 343.9 590.7 316.4 590.7 316.4 565.9
P1561__1.0__3500___1000 0.248963415623 530.6 149.7 530.6 214.2 465.6 214.2 465.6 149.7
P2547__1.0__500___1000 0.284340322018 603.0 432.4 603.0 467.3 576.6 467.3 576.6 432.4
P1598__1.0__0___4000 0.144338414073 152.8 224.7 152.8 251.2 124.0 251.2 124.0 224.7
P1598__1.0__0___4000 0.119716502726 376.5 114.2 376.5 145.8 341.0 145.8 341.0 114.2
P1598__1.0__0___4000 0.104443803430 157.4 198.8 157.4 228.7 126.8 228.7 126.8 198.8
P1384__1.0__2000___0 0.113612286747 471.4 20.2 471.4 63.8 428.1 63.8 428.1 20.2
P2331__1.0__1000___1359 0.229216486216 493.8 89.5 493.8 146.6 438.4 146.6 438.4 89.5
P2331__1.0__1000___1359 0.146679058671 475.1 379.2 475.1 416.8 439.6 416.8 439.6 379.2
P2331__1.0__1000___1359 0.124473653734 415.9 319.0 415.9 348.6 389.1 348.6 389.1 319.0
P2331__1.0__1000___1359 0.121257677674 174.3 261.3 174.3 279.6 158.7 279.6 158.7 261.3
P2331__1.0__1000___1359 0.100857958198 174.4 239.5 174.4 258.9 158.1 258.9 158.1 239.5
P2378__1.0__0___500 0.134884968400 602.5 382.6 511.6 451.6 410.2 358.6 501.2 289.6
P1179__1.0__1000___2000 0.113379031420 453.3 248.6 453.3 323.1 365.6 323.1 365.6 248.6
P2502__1.0__1500___0 0.140707194805 513.3 447.9 513.3 481.6 483.0 481.6 483.0 447.9
P6661__1.0__424___0 0.112359590828 597.4 284.7 597.4 326.4 559.5 326.4 559.5 284.7
P5789__1.0__13500___10500 0.132239207625 145.4 186.0 145.4 217.3 116.2 217.3 116.2 186.0
P2413__1.0__0___500 0.165841937065 468.6 246.9 468.6 276.8 439.4 276.8 439.4 246.9
P2413__1.0__0___500 0.140629470348 265.1 257.1 265.1 291.0 234.8 291.0 234.8 257.1
P1604__1.0__2000___2000 0.131762728095 200.7 -11.6 200.7 30.3 138.6 30.3 138.6 -11.6
P1751__1.0__3400___1500 0.252213895321 189.6 313.9 189.6 336.8 166.2 336.8 166.2 313.9
P5789__1.0__17000___6500 0.132045879960 174.1 205.0 174.1 255.7 119.5 255.7 119.5 205.0
P1573__1.0__3000___0 0.100869514048 402.1 7.3 402.1 44.8 361.6 44.8 361.6 7.3
P5337__1.0__500___3496 0.304491579533 396.7 171.4 396.7 224.9 335.8 224.9 335.8 171.4
P5789__1.0__24000___27020 0.103017106652 256.4 571.9 256.4 607.3 211.5 607.3 211.5 571.9
P1598__1.0__0___0 0.102225385606 599.9 530.5 599.9 569.3 564.2 569.3 564.2 530.5
P0799__1.0__0___500 0.238727629185 416.3 273.5 416.3 369.8 316.5 369.8 316.5 273.5
P2404__1.0__3000___3000 0.101245403290 98.7 556.7 98.7 607.1 49.0 607.1 49.0 556.7
P1240__1.0__500___1500 0.155642047524 200.7 64.6 200.7 115.6 147.8 115.6 147.8 64.6
P8656__1.0__2000___1500 0.107991881669 160.1 206.4 89.3 303.3 13.3 245.3 84.2 148.4
P1751__1.0__3000___1500 0.233984813094 589.8 313.8 589.8 337.0 566.0 337.0 566.0 313.8
P1752__1.0__3400___1500 0.470559895039 55.0 75.1 55.0 136.3 -3.0 136.3 -3.0 75.1
P1323__1.0__3400___1000 0.136054769158 85.1 150.3 85.1 174.6 63.0 174.6 63.0 150.3
P0161__1.0__2000___500 0.402162462473 459.2 423.4 459.2 517.1 361.6 517.1 361.6 423.4
P0161__1.0__2000___500 0.115698799491 413.0 302.4 413.0 349.4 351.1 349.4 351.1 302.4
P2271__1.0__0___0 0.245877027512 472.6 131.7 472.6 217.0 387.2 217.0 387.2 131.7
P1751__1.0__1500___500 0.437099993229 391.7 81.2 391.7 107.8 365.4 107.8 365.4 81.2
P1759__1.0__3400___1500 0.278201699257 381.5 68.2 381.5 94.7 351.9 94.7 351.9 68.2
P1751__1.0__2500___0 0.147343039513 424.3 60.6 424.3 87.3 396.1 87.3 396.1 60.6
P2420__1.0__0___500 0.388190388680 250.3 188.9 250.3 213.7 227.0 213.7 227.0 188.9
P2331__1.0__1500___1000 0.222479239106 64.7 358.0 64.7 381.4 42.2 381.4 42.2 358.0
P1598__1.0__1500___4000 0.183103591204 199.3 312.4 199.3 347.1 158.1 347.1 158.1 312.4
P1854__1.0__12783___500 0.127677649260 637.6 249.8 637.6 433.8 446.1 433.8 446.1 249.8
P1570__1.0__1000___3000 0.456152796745 278.6 128.4 278.6 155.5 252.7 155.5 252.7 128.4
P2488__1.0__500___500 0.172284647822 471.4 235.2 471.4 270.8 437.0 270.8 437.0 235.2
P1384__1.0__1000___5000 0.318506479263 159.9 322.8 159.9 345.4 141.2 345.4 141.2 322.8
P1518__1.0__500___3000 0.257882207632 413.2 495.8 413.2 525.1 384.9 525.1 384.9 495.8
P1518__1.0__500___3000 0.127417460084 427.7 544.4 427.7 572.6 402.1 572.6 402.1 544.4
P1586__1.0__0___0 0.465476304293 356.0 4.4 356.0 63.6 302.5 63.6 302.5 4.4
P2446__1.0__0___500 0.430281937122 450.5 441.7 450.5 480.7 416.6 480.7 416.6 441.7
P1370__1.0__2500___1500 0.110690608621 93.5 330.8 93.5 354.3 70.2 354.3 70.2 330.8
P0352__1.0__803___0 0.118400178850 455.7 103.5 455.7 388.9 116.6 388.9 116.6 103.5
P2337__1.0__1000___0 0.189989134669 468.1 248.1 468.1 411.7 296.1 411.7 296.1 248.1
P1679__1.0__0___2500 0.139069497585 495.3 36.7 456.6 55.6 437.8 14.9 476.5 -4.0
P9866__1.0__424___424 0.165429040790 413.1 163.7 413.1 184.6 391.0 184.6 391.0 163.7
P1577__1.0__1000___500 0.337401270866 512.6 214.8 512.6 253.9 476.0 253.9 476.0 214.8
P1763__1.0__1000___3000 0.349375963211 74.0 243.5 74.0 280.1 35.5 280.1 35.5 243.5
P0262__1.0__1684___1000 0.366833865643 323.8 347.4 323.8 448.6 232.4 448.6 232.4 347.4
P5789__1.0__27000___20500 0.117288805544 378.5 325.6 302.6 344.5 257.4 136.2 333.3 117.4
P1601__1.0__1500___0 0.120935156941 267.1 129.4 267.1 155.1 241.2 155.1 241.2 129.4
P2446__1.0__1415___0 0.476569443941 486.2 290.6 486.2 337.3 438.1 337.3 438.1 290.6
P2285__1.0__2989___0 0.107104927301 140.9 8.7 140.9 43.2 94.9 43.2 94.9 8.7
P1384__1.0__5264___2000 0.369329780340 358.9 70.7 358.9 108.0 324.4 108.0 324.4 70.7
P1672__1.0__3400___0 0.470122277737 340.2 443.2 340.2 513.1 272.1 513.1 272.1 443.2
P1581__1.0__0___2000 0.252204269171 289.6 512.4 289.6 548.3 251.4 548.3 251.4 512.4
P1672__1.0__500___500 0.453642100096 348.1 139.6 348.1 192.4 296.0 192.4 296.0 139.6
P1742__1.0__2500___3400 0.156306073070 176.4 291.8 176.4 383.6 84.4 383.6 84.4 291.8
P1854__1.0__12000___2500 0.183688163757 505.1 414.3 505.1 637.7 226.7 637.7 226.7 414.3
P1752__1.0__2000___3400 0.167539715767 327.7 134.5 327.7 164.7 299.8 164.7 299.8 134.5
P2375__1.0__500___500 0.510177195072 334.4 357.1 334.4 454.6 245.8 454.6 245.8 357.1
P1672__1.0__3400___1000 0.563064634800 576.5 270.7 576.5 348.8 499.8 348.8 499.8 270.7
P1672__1.0__3400___1000 0.472498387098 373.4 544.1 373.4 612.1 301.9 612.1 301.9 544.1
P1596__1.0__0___2000 0.115615688264 30.2 63.5 30.2 91.9 -2.6 91.9 -2.6 63.5
P2449__1.0__0___0 0.383370220661 345.0 508.9 345.0 551.2 306.4 551.2 306.4 508.9
P1323__1.0__3000___1000 0.106274269521 485.1 150.2 485.1 174.8 463.1 174.8 463.1 150.2
P1854__1.0__0___3000 0.135885372758 325.8 143.0 325.8 181.4 286.6 181.4 286.6 143.0
P1759__1.0__3000___3400 0.482571065426 478.0 156.3 478.0 198.5 437.7 198.5 437.7 156.3
P1759__1.0__3000___3400 0.290461838245 50.9 113.7 50.9 138.2 25.9 138.2 25.9 113.7
P1759__1.0__3000___3400 0.166944742203 507.5 296.8 507.5 322.7 480.8 322.7 480.8 296.8
P10733__1.0__424___424 0.143628463149 572.6 497.0 572.6 531.7 543.3 531.7 543.3 497.0
P9594__1.0__500___2500 0.337876915932 285.2 90.8 285.2 136.5 239.2 136.5 239.2 90.8
P1751__1.0__2500___3400 0.291208058596 453.0 401.7 453.0 425.9 430.7 425.9 430.7 401.7
P1751__1.0__2500___3400 0.125260859728 55.6 95.8 55.6 124.5 29.4 124.5 29.4 95.8
P0143__1.0__152___0 0.100516654551 289.7 280.0 289.7 441.5 209.8 441.5 209.8 280.0
P1601__1.0__2500___500 0.253073841333 436.3 275.6 436.3 320.6 391.8 320.6 391.8 275.6
P1601__1.0__2500___500 0.158894509077 465.2 331.9 441.5 341.3 434.6 319.9 458.3 310.5
P1601__1.0__2500___500 0.118231281638 315.5 379.8 315.5 408.8 289.5 408.8 289.5 379.8
P1693__1.0__3000___500 0.444702595472 262.0 237.6 262.0 277.5 222.1 277.5 222.1 237.6
P1380__1.0__2000___2500 0.132752493024 456.1 -34.9 456.1 135.5 252.7 135.5 252.7 -34.9
P5789__1.0__28500___13000 0.109966717660 91.0 399.4 91.0 420.0 73.3 420.0 73.3 399.4
P2709__1.0__500___500 0.113418057561 104.7 268.6 104.7 351.4 28.3 351.4 28.3 268.6
P1751__1.0__0___0 0.286987125874 111.4 397.2 111.4 423.7 84.5 423.7 84.5 397.2
P1751__1.0__0___0 0.206141248345 469.6 56.5 469.6 83.6 444.9 83.6 444.9 56.5
P1751__1.0__0___0 0.166375383735 98.4 22.1 98.4 61.7 58.1 61.7 58.1 22.1
P5789__1.0__13500___10000 0.114034444094 479.7 333.5 479.7 375.2 435.3 375.2 435.3 333.5
P2778__1.0__2014___0 0.109892211854 36.2 466.5 36.2 513.1 -8.0 513.1 -8.0 466.5
P1373__1.0__500___1000 0.129082784057 394.5 -0.2 394.5 20.7 370.1 20.7 370.1 -0.2
P1752__1.0__1500___2500 0.280547261238 500.8 48.6 500.8 74.1 473.4 74.1 473.4 48.6
P0161__1.0__2004___1000 0.125584840775 439.0 -11.1 439.0 30.1 381.0 30.1 381.0 -11.1
P1371__1.0__1000___3000 0.112280510366 600.5 153.1 600.5 226.7 523.5 226.7 523.5 153.1
P2242__1.0__1500___500 0.124153368175 135.9 101.5 135.9 167.2 84.5 167.2 84.5 101.5
P2721__1.0__2000___1853 0.100053995848 445.1 501.1 445.1 519.5 425.1 519.5 425.1 501.1
P5155__1.0__424___0 0.131291285157 283.5 263.6 283.5 275.0 265.1 275.0 265.1 263.6
P2197__1.0__0___1089 0.191837102175 289.5 490.7 289.5 529.5 250.3 529.5 250.3 490.7
P2541__1.0__1500___1500 0.124823965132 17.3 94.2 17.3 109.6 2.7 109.6 2.7 94.2
P2541__1.0__1500___1500 0.110516488552 318.5 248.1 318.5 267.9 301.0 267.9 301.0 248.1
P2337__1.0__1000___1500 0.154773756862 444.1 247.2 444.1 404.9 264.1 404.9 264.1 247.2
P1283__1.0__1000___0 0.207554146647 114.5 344.4 114.5 370.2 91.3 370.2 91.3 344.4
P2718__1.0__1000___1846 0.126327067614 214.6 460.5 214.6 479.3 190.7 479.3 190.7 460.5
P1751__1.0__2000___1000 0.120255984366 607.0 261.3 607.0 302.1 572.8 302.1 572.8 261.3
P1672__1.0__1000___0 0.340500712395 397.2 397.4 397.2 478.5 311.6 478.5 311.6 397.4
P1672__1.0__1000___0 0.264943778515 358.9 486.0 358.9 557.8 285.6 557.8 285.6 486.0
P1672__1.0__3000___2000 0.433116257191 413.2 50.6 413.2 80.7 382.9 80.7 382.9 50.6
P2718__1.0__1000___0 0.105853334069 318.7 319.4 318.7 348.8 286.6 348.8 286.6 319.4
P1598__1.0__1500___1500 0.122646316886 261.6 119.2 261.6 149.2 231.4 149.2 231.4 119.2
P1586__1.0__1500___1000 0.461824089289 222.9 200.6 222.9 258.1 166.1 258.1 166.1 200.6
P1586__1.0__1500___1000 0.149879530072 410.1 447.4 410.1 500.7 354.5 500.7 354.5 447.4
P1586__1.0__1500___1000 0.134931921959 508.0 214.5 508.0 276.8 447.6 276.8 447.6 214.5
P1586__1.0__1500___1000 0.103567421436 552.8 371.8 552.8 400.7 524.0 400.7 524.0 371.8
P2802__1.0__500___1500 0.107579447329 541.8 390.3 541.8 437.8 493.5 437.8 493.5 390.3
P10795__1.0__0___424 0.127087354660 311.4 477.2 311.4 486.6 301.2 486.6 301.2 477.2
P1370__1.0__2000___1000 0.293726563454 413.0 516.7 413.0 543.2 390.7 543.2 390.7 516.7
P2721__1.0__1500___1000 0.377928406000 476.3 166.1 476.3 190.8 454.5 190.8 454.5 166.1
P0262__1.0__500___1500 0.168702855706 375.2 490.3 375.2 554.3 309.0 554.3 309.0 490.3
P2721__1.0__500___500 0.125073909760 171.0 119.9 171.0 131.2 153.8 131.2 153.8 119.9
P3810__1.0__424___0 0.101626396179 39.0 138.6 39.0 154.4 21.2 154.4 21.2 138.6
P1752__1.0__1000___3400 0.116959780455 507.5 431.4 507.5 451.4 488.7 451.4 488.7 431.4
P2541__1.0__2014___0 0.352463185787 430.7 380.6 430.7 400.1 411.7 400.1 411.7 380.6
P2541__1.0__2014___0 0.218853980303 566.0 481.3 566.0 499.2 549.8 499.2 549.8 481.3
P10137__1.0__424___0 0.136254325509 266.6 569.5 266.6 609.6 208.9 609.6 208.9 569.5
P1751__1.0__3400___3400 0.101186484098 200.4 545.1 200.4 603.1 140.2 603.1 140.2 545.1
P2098__1.0__70___204 0.127693489194 140.9 368.4 140.9 427.7 79.0 427.7 79.0 368.4
P1601__1.0__1500___1000 0.381034761667 416.0 290.4 416.0 337.2 370.7 337.2 370.7 290.4
P1598__1.0__3000___0 0.568021535873 179.3 36.9 179.3 110.3 113.1 110.3 113.1 36.9
P1598__1.0__3000___0 0.135867610574 177.1 -30.3 177.1 49.7 74.8 49.7 74.8 -30.3
P1598__1.0__3000___0 0.117865175009 218.6 12.2 218.6 71.5 161.4 71.5 161.4 12.2
P0079__1.0__0___35 0.432378590107 413.9 302.9 413.9 413.3 302.4 413.3 302.4 302.9
P1570__1.0__500___4364 0.177265897393 565.4 463.4 565.4 484.5 544.3 484.5 544.3 463.4
P1598__1.0__2500___0 0.336927384138 412.8 92.8 412.8 135.0 367.2 135.0 367.2 92.8
P0060__1.0__1500___0 0.112703308463 443.1 565.8 443.1 615.1 361.3 615.1 361.3 565.8
P5789__1.0__20000___18500 0.109484985471 593.0 490.6 593.0 561.6 515.2 561.6 515.2 490.6
P0161__1.0__2000___1000 0.120416097343 440.1 -8.1 440.1 27.2 388.0 27.2 388.0 -8.1
P7746__1.0__0___424 0.155744284391 76.9 238.2 76.9 253.8 62.0 253.8 62.0 238.2
P7746__1.0__0___424 0.132070675492 494.0 -2.6 494.0 38.3 462.1 38.3 462.1 -2.6
P2645__1.0__500___1500 0.123769171536 552.7 456.4 552.7 539.3 467.2 539.3 467.2 456.4
P5789__1.0__21000___14500 0.165269181132 348.5 164.3 348.5 192.5 319.1 192.5 319.1 164.3
P1759__1.0__2000___3400 0.381292104721 347.9 280.3 347.9 315.2 311.2 315.2 311.2 280.3
P1242__1.0__3400___3400 0.360924959183 311.0 103.0 311.0 140.6 276.0 140.6 276.0 103.0
P1242__1.0__3400___3400 0.360236793756 157.2 240.0 157.2 276.0 119.4 276.0 119.4 240.0
P0704__1.0__1536___836 0.143155470490 81.2 425.0 81.2 537.8 -5.6 537.8 -5.6 425.0
P2542__1.0__0___500 0.305390089750 157.3 118.7 157.3 141.3 136.2 141.3 136.2 118.7
P2542__1.0__0___500 0.152895942330 563.9 536.7 563.9 571.3 528.7 571.3 528.7 536.7
P1184__1.0__1500___3500 0.114018134773 242.1 460.3 242.1 551.9 146.7 551.9 146.7 460.3
P1184__1.0__1500___3500 0.113196931779 351.4 501.7 351.4 574.3 277.4 574.3 277.4 501.7
P2689__1.0__500___1000 0.149464562535 488.9 78.0 467.9 88.5 458.4 68.8 479.4 58.2
P2721__1.0__1000___1000 0.119207531214 172.5 254.6 172.5 268.1 159.8 268.1 159.8 254.6
P2504__1.0__1020___0 0.222130939364 519.1 523.2 519.1 544.8 501.1 544.8 501.1 523.2
P1529__1.0__1000___0 0.172152936459 539.0 420.8 539.0 448.5 513.6 448.5 513.6 420.8
P1570__1.0__1000___2500 0.193400338292 130.3 96.0 130.3 123.8 99.1 123.8 99.1 96.0
P1370__1.0__2500___1000 0.336161524057 240.6 300.2 240.6 328.6 212.5 328.6 212.5 300.2
P1370__1.0__2500___1000 0.135749489069 530.1 148.0 530.1 176.0 504.4 176.0 504.4 148.0
P1693__1.0__500___500 0.159760266542 197.2 286.4 197.2 310.3 173.9 310.3 173.9 286.4
P2256__1.0__0___500 0.181298315525 422.9 489.6 422.9 602.8 310.1 602.8 310.1 489.6
P2408__1.0__1000___1500 0.144528090954 338.4 492.6 231.2 526.3 169.4 319.3 276.6 285.6
P2477__1.0__0___500 0.264263212681 150.7 547.0 150.7 577.8 123.9 577.8 123.9 547.0
P1752__1.0__3400___1000 0.141703620553 52.8 569.9 52.8 610.2 -0.6 610.2 -0.6 569.9
P1700__1.0__2000___3400 0.439052730799 198.2 501.1 198.2 583.0 118.0 583.0 118.0 501.1
P1751__1.0__2000___3400 0.177125141025 557.6 94.2 557.6 125.9 527.2 125.9 527.2 94.2
P9467__1.0__2500___0 0.347331315279 354.2 204.4 354.2 264.2 305.3 264.2 305.3 204.4
P1693__1.0__2500___2000 0.257624000311 107.5 13.3 107.5 62.2 57.3 62.2 57.3 13.3
P1529__1.0__1500___1000 0.115555442870 236.8 430.4 236.8 462.0 208.2 462.0 208.2 430.4
P2794__1.0__3792___500 0.107819497585 569.9 178.1 569.9 273.8 482.0 273.8 482.0 178.1
P2766__1.0__1500___3500 0.108343891799 163.2 474.0 163.2 505.5 128.8 505.5 128.8 474.0
P2488__1.0__1000___1922 0.110119186342 133.0 305.9 133.0 321.9 118.3 321.9 118.3 305.9
P1075__1.0__0___2000 0.101047039032 74.2 254.6 74.2 333.8 9.2 333.8 9.2 254.6
P1179__1.0__5000___1500 0.108128130436 524.3 443.1 524.3 497.2 472.7 497.2 472.7 443.1
P2121__1.0__240___500 0.182694092393 323.1 129.6 323.1 426.6 -7.3 426.6 -7.3 129.6
P1257__1.0__1500___3400 0.109022952616 387.4 101.7 387.4 134.0 353.4 134.0 353.4 101.7
P2488__1.0__1500___0 0.112901613116 19.1 576.1 19.1 595.9 1.2 595.9 1.2 576.1
P2721__1.0__3939___1500 0.108431488276 419.9 598.5 390.0 617.2 360.5 581.1 390.4 562.4
P2504__1.0__500___0 0.437096804380 128.3 355.5 128.3 401.0 83.7 401.0 83.7 355.5
P2121__1.0__0___0 0.232147157192 515.5 377.7 515.5 634.8 240.6 634.8 240.6 377.7
P2231__1.0__1125___1000 0.101440809667 318.3 383.0 318.3 445.5 254.5 445.5 254.5 383.0
P1570__1.0__1000___4000 0.127019271255 313.9 122.8 313.9 152.5 283.9 152.5 283.9 122.8
P1380__1.0__2500___3000 0.145038664341 605.0 526.5 605.0 573.7 550.8 573.7 550.8 526.5
P1598__1.0__1000___1000 0.102873146534 46.4 298.3 46.4 328.6 15.2 328.6 15.2 298.3
P2689__1.0__1500___500 0.232620760798 376.3 544.8 376.3 586.3 338.9 586.3 338.9 544.8
P1598__1.0__0___500 0.105443902314 599.5 31.4 599.5 68.9 564.7 68.9 564.7 31.4
P1566__1.0__3000___500 0.134988352656 603.1 254.7 603.1 285.6 577.1 285.6 577.1 254.7
P1541__1.0__0___500 0.179961726069 214.3 357.0 214.3 382.3 189.9 382.3 189.9 357.0
P1759__1.0__3000___3000 0.446519970894 479.3 553.2 479.3 595.4 436.8 595.4 436.8 553.2
P1759__1.0__3000___3000 0.313654869795 51.0 513.4 51.0 538.2 25.8 538.2 25.8 513.4
P0075__1.0__0___239 0.535408139229 265.2 110.0 265.2 181.9 201.5 181.9 201.5 110.0
P1380__1.0__2500___3500 0.129770800471 605.2 26.7 605.2 74.0 550.8 74.0 550.8 26.7
P2413__1.0__1500___500 0.435677975416 335.9 224.7 335.9 299.9 260.3 299.9 260.3 224.7
P1542__1.0__2000___1000 0.215383380651 566.3 103.2 566.3 140.8 525.6 140.8 525.6 103.2
P1738__1.0__1500___1500 0.127043917775 457.9 358.6 457.9 406.0 417.6 406.0 417.6 358.6
P2645__1.0__500___2000 0.136815235019 469.6 -0.9 469.6 77.1 397.7 77.1 397.7 -0.9
P2645__1.0__500___2000 0.134404048324 544.9 54.9 544.9 132.4 459.2 132.4 459.2 54.9
P2220__1.0__654___263 0.100929021835 239.5 557.7 239.5 599.1 181.1 599.1 181.1 557.7
P0104__1.0__0___0 0.378031432629 595.8 347.5 595.8 601.7 289.3 601.7 289.3 347.5
P1075__1.0__1000___0 0.178504839540 604.9 255.7 604.9 316.6 535.6 316.6 535.6 255.7
P5789__1.0__26500___6500 0.104531697929 47.4 238.5 47.4 260.5 27.9 260.5 27.9 238.5
P2236__1.0__500___247 0.132922574878 119.0 501.3 119.0 543.2 76.1 543.2 76.1 501.3
P1713__1.0__1000___3000 0.119790665805 328.7 132.6 328.7 215.8 243.9 215.8 243.9 132.6
P2547__1.0__0___500 0.360703438520 468.2 403.1 468.2 449.0 431.8 449.0 431.8 403.1
P9594__1.0__0___2000 0.333896309137 472.0 440.5 472.0 499.1 411.7 499.1 411.7 440.5
P2378__1.0__500___500 0.133004188538 85.1 415.7 10.8 434.6 -17.1 340.6 57.3 321.7
P1610__1.0__1000___500 0.513298153877 544.0 215.9 544.0 252.1 508.8 252.1 508.8 215.9
P2337__1.0__1825___0 0.124082200229 314.6 352.4 314.6 475.7 200.8 475.7 200.8 352.4
P1751__1.0__3000___3000 0.344760328531 336.2 306.3 336.2 369.9 276.1 369.9 276.1 306.3
P1573__1.0__1500___1500 0.133015289903 605.7 391.9 605.7 428.5 567.0 428.5 567.0 391.9
P0841__1.0__1000___1000 0.144177943468 348.9 322.8 348.9 409.0 263.0 409.0 263.0 322.8
P2331__1.0__1500___1359 0.132389545441 68.7 -2.1 68.7 21.8 38.3 21.8 38.3 -2.1
P1598__1.0__500___2000 0.444227218628 558.1 498.2 558.1 537.3 518.2 537.3 518.2 498.2
P2542__1.0__500___1000 0.174763098359 65.0 37.2 65.0 71.4 33.7 71.4 33.7 37.2
P1763__1.0__1000___2000 0.179274752736 388.3 -12.1 388.3 23.6 350.8 23.6 350.8 -12.1
P1604__1.0__2000___1500 0.148413166404 233.4 516.2 135.9 535.0 66.5 280.2 164.0 261.4
P5789__1.0__16500___9500 0.248405888677 510.3 261.4 510.3 286.5 486.1 286.5 486.1 261.4
P1518__1.0__0___3400 0.150084123015 469.1 184.8 469.1 211.3 440.7 211.3 440.7 184.8
P2446__1.0__500___1000 0.287497341633 566.8 363.3 566.8 399.8 534.1 399.8 534.1 363.3
P1610__1.0__2000___0 0.162841960788 141.1 6.0 141.1 38.3 111.5 38.3 111.5 6.0
P1610__1.0__2000___0 0.156972542405 183.2 137.0 183.2 163.7 158.4 163.7 158.4 137.0
P1763__1.0__2000___0 0.249025046825 341.3 38.6 341.3 68.3 310.8 68.3 310.8 38.6
P1763__1.0__2000___2500 0.132123500109 447.6 161.5 447.6 210.7 403.5 210.7 403.5 161.5
P0131__1.0__0___0 0.115857303143 609.5 395.2 609.5 609.3 370.3 609.3 370.3 395.2
P1751__1.0__2000___3000 0.153182417154 558.3 490.1 558.3 522.2 526.2 522.2 526.2 490.1
P2449__1.0__0___1500 0.141940250993 208.9 100.1 208.9 118.9 193.5 118.9 193.5 100.1
P2766__1.0__3500___0 0.108687922359 571.7 466.4 571.7 514.2 521.3 514.2 521.3 466.4
P1370__1.0__3000___1000 0.195676401258 226.9 61.8 226.9 85.8 202.4 85.8 202.4 61.8
P1560__1.0__500___3000 0.150385439396 370.3 414.4 370.3 446.1 338.0 446.1 338.0 414.4
P2231__1.0__1000___0 0.140577569604 422.8 49.9 422.8 72.4 404.1 72.4 404.1 49.9
P1693__1.0__2500___1500 0.411051690578 321.4 33.7 321.4 74.8 275.4 74.8 275.4 33.7
P1693__1.0__2500___1500 0.353954553604 111.1 505.9 111.1 562.1 53.4 562.1 53.4 505.9
P2721__1.0__1500___1500 0.134268492460 311.5 200.0 300.6 207.6 282.6 188.2 293.6 180.6
P0524__1.0__0___0 0.106331847608 139.5 420.2 91.2 443.1 57.4 376.4 105.7 353.5
P1529__1.0__2000___1500 0.100578755140 250.2 322.2 250.2 385.6 186.1 385.6 186.1 322.2
P2718__1.0__3936___1846 0.117181248963 558.5 152.7 558.5 171.4 541.4 171.4 541.4 152.7
P2718__1.0__3936___1846 0.115123875439 519.1 106.3 519.1 129.4 500.8 129.4 500.8 106.3
P2689__1.0__2500___1000 0.345128297806 134.5 460.6 134.5 496.2 102.1 496.2 102.1 460.6
P1184__1.0__1994___2500 0.207124814391 346.8 244.3 346.8 280.5 313.0 280.5 313.0 244.3
P1184__1.0__1994___2500 0.168935671449 87.0 177.4 87.0 226.4 36.3 226.4 36.3 177.4
P0019__1.0__1500___0 0.116530455649 100.1 81.9 100.1 153.3 22.9 153.3 22.9 81.9
P1672__1.0__3400___2000 0.243234008551 28.1 45.9 28.1 86.1 -8.6 86.1 -8.6 45.9
P1604__1.0__1000___2000 0.321742355824 608.4 109.5 608.4 182.7 531.0 182.7 531.0 109.5
P1751__1.0__1000___500 0.334130614996 109.5 125.9 109.5 165.2 70.5 165.2 70.5 125.9
P1763__1.0__1000___1500 0.440705358982 386.5 476.3 386.5 512.1 346.9 512.1 346.9 476.3
P1619__1.0__3400___1500 0.311673134565 216.8 522.1 216.8 577.9 163.4 577.9 163.4 522.1
P1066__1.0__500___500 0.140627413988 514.8 63.7 514.8 172.4 433.9 172.4 433.9 63.7
P2768__1.0__500___1500 0.121266961098 389.8 331.3 389.8 576.7 182.0 576.7 182.0 331.3
P1342__1.0__2000___3000 0.118874818087 60.8 41.2 60.8 81.7 16.1 81.7 16.1 41.2
P1666__1.0__1000___0 0.436414599419 106.2 137.4 106.2 177.9 65.9 177.9 65.9 137.4
P5789__1.0__25500___5000 0.432865858078 111.4 156.0 111.4 182.5 84.2 182.5 84.2 156.0
P1570__1.0__3000___3000 0.149314269423 463.6 19.4 463.6 48.7 429.7 48.7 429.7 19.4
P1371__1.0__1000___2500 0.144195854664 494.9 397.6 494.9 470.8 421.2 470.8 421.2 397.6
P0704__1.0__1536___0 0.189234301448 562.8 307.3 562.8 441.2 426.6 441.2 426.6 307.3
P1751__1.0__500___500 0.431241512299 33.9 324.5 33.9 351.4 2.9 351.4 2.9 324.5
P1751__1.0__500___500 0.189519062638 603.0 124.0 603.0 160.2 569.5 160.2 569.5 124.0
P1751__1.0__2000___500 0.212892964482 388.6 156.2 388.6 183.2 360.5 183.2 360.5 156.2
P1586__1.0__3000___3400 0.107563368976 522.4 559.9 522.4 595.7 490.5 595.7 490.5 559.9
P5789__1.0__26000___500 0.115599729121 526.6 505.2 526.6 532.0 501.0 532.0 501.0 505.2
P2097__1.0__0___365 0.142424017191 278.5 410.4 278.5 432.4 255.3 432.4 255.3 410.4
P1598__1.0__1000___2500 0.424046576023 55.7 -0.2 55.7 35.9 20.1 35.9 20.1 -0.2
P1992__1.0__562___0 0.472623288631 316.2 96.1 316.2 195.7 223.1 195.7 223.1 96.1
P1384__1.0__500___5035 0.107688635588 369.2 -9.2 369.2 21.2 331.2 21.2 331.2 -9.2
P1518__1.0__3400___0 0.105090081692 460.0 217.6 460.0 243.7 438.9 243.7 438.9 217.6
P2721__1.0__2500___1000 0.291928231716 423.1 490.5 423.1 538.4 373.2 538.4 373.2 490.5
P5789__1.0__19000___10000 0.135098889470 469.6 26.1 469.6 58.0 438.4 58.0 438.4 26.1
P1518__1.0__1500___3400 0.202120155096 512.2 442.7 512.2 496.6 460.1 496.6 460.1 442.7
P1518__1.0__1500___3400 0.190450638533 477.1 539.8 477.1 569.6 448.4 569.6 448.4 539.8
P1619__1.0__3400___2000 0.249829977751 212.2 31.0 212.2 76.8 168.2 76.8 168.2 31.0
P1752__1.0__2000___2500 0.328915923834 295.0 33.0 295.0 59.5 269.5 59.5 269.5 33.0
P2121__1.0__240___515 0.148129999638 324.7 106.4 324.7 417.6 -9.2 417.6 -9.2 106.4
P1242__1.0__3400___3000 0.353290528059 311.8 502.0 311.8 541.1 275.4 541.1 275.4 502.0
P2766__1.0__1000___3000 0.112945124507 522.2 6.2 522.2 102.3 425.9 102.3 425.9 6.2
P2956__1.0__424___424 0.128831163049 383.6 439.2 383.6 476.9 332.0 476.9 332.0 439.2
P1581__1.0__0___3400 0.332738637924 381.9 -12.9 381.9 32.0 326.7 32.0 326.7 -12.9
P2547__1.0__0___1500 0.123481221497 278.3 336.7 278.3 354.7 261.1 354.7 261.1 336.7
P5789__1.0__12500___8000 0.123719945550 254.9 102.9 254.9 165.5 189.2 165.5 189.2 102.9
P1610__1.0__3400___2000 0.104265891016 491.0 447.3 491.0 485.5 449.9 485.5 449.9 447.3
P1598__1.0__500___1000 0.146048054099 547.8 297.7 547.8 329.3 513.7 329.3 513.7 297.7
P1666__1.0__500___0 0.418444544077 605.6 137.5 605.6 178.7 565.8 178.7 565.8 137.5
P1384__1.0__1000___3000 0.371825009584 407.8 282.7 407.8 304.0 389.0 304.0 389.0 282.7
P2791__1.0__3000___1500 0.192951574922 80.6 212.2 80.6 287.9 11.3 287.9 11.3 212.2
P5789__1.0__27500___4500 0.122306890786 289.2 434.5 289.2 457.9 267.1 457.9 267.1 434.5
P1371__1.0__3000___1000 0.192413389683 604.2 152.1 604.2 186.9 576.8 186.9 576.8 152.1
P1410__1.0__4000___1500 0.145721018314 82.1 423.6 82.1 508.3 10.9 508.3 10.9 423.6
P2504__1.0__1000___0 0.186165064573 538.7 524.1 538.7 543.8 521.8 543.8 521.8 524.1
P2504__1.0__1000___0 0.101430378854 241.2 584.5 160.2 622.9 114.2 483.6 195.1 445.2
P1759__1.0__2500___3400 0.333998680115 551.4 114.0 551.4 138.5 525.8 138.5 525.8 114.0
P1518__1.0__1500___2000 0.167195096612 259.4 423.4 259.4 468.7 216.3 468.7 216.3 423.4
P0841__1.0__1000___1500 0.106514714658 435.5 165.8 435.5 238.1 353.2 238.1 353.2 165.8
P2718__1.0__3936___1500 0.120679534972 519.0 449.7 519.0 474.4 500.9 474.4 500.9 449.7
P2539__1.0__0___1000 0.269072264433 436.9 315.7 436.9 344.8 407.0 344.8 407.0 315.7
P1732__1.0__2000___1500 0.125639677048 178.2 413.0 178.2 445.4 153.5 445.4 153.5 413.0
P4138__1.0__0___424 0.105882808566 297.1 82.8 297.1 201.9 163.6 201.9 163.6 82.8
P1738__1.0__1000___1000 0.158979579806 336.3 516.2 336.3 576.8 275.8 576.8 275.8 516.2
P1397__1.0__5500___0 0.109870128334 528.4 312.5 528.4 451.5 380.0 451.5 380.0 312.5
P0161__1.0__2004___2000 0.122495509684 278.5 429.6 278.5 486.7 222.2 486.7 222.2 429.6
P5789__1.0__22000___1000 0.111722454429 185.2 25.4 185.2 66.4 131.0 66.4 131.0 25.4
P1380__1.0__1500___1000 0.242208540440 427.7 219.7 427.7 353.0 280.8 353.0 280.8 219.7
P1713__1.0__500___3400 0.148111939430 410.9 68.4 410.9 126.5 354.2 126.5 354.2 68.4
P1560__1.0__0___500 0.427234292030 160.7 347.3 160.7 392.2 115.4 392.2 115.4 347.3
P1370__1.0__2000___1500 0.305012375116 414.7 16.4 414.7 43.5 389.5 43.5 389.5 16.4
P1370__1.0__2000___1500 0.131653219461 593.2 330.2 593.2 354.6 570.8 354.6 570.8 330.2
P5789__1.0__13000___0 0.108136557043 610.4 590.6 536.8 622.4 449.3 397.4 522.9 365.5
P1759__1.0__3400___3400 0.478005796671 77.1 157.7 77.1 197.0 38.8 197.0 38.8 157.7
P1759__1.0__3400___3400 0.462313503027 559.3 215.1 559.3 293.0 484.7 293.0 484.7 215.1
P1759__1.0__3400___3400 0.175153240561 107.1 297.2 107.1 322.3 81.2 322.3 81.2 297.2
P1598__1.0__2500___2500 0.461744993925 426.1 8.4 426.1 59.3 378.6 59.3 378.6 8.4
P2754__1.0__500___2000 0.189850434661 24.7 518.7 24.7 548.5 -5.7 548.5 -5.7 518.7
P1598__1.0__1000___0 0.275842219591 236.4 148.3 236.4 175.9 208.9 175.9 208.9 148.3
P1598__1.0__1000___0 0.150265783072 392.9 24.5 392.9 51.5 364.2 51.5 364.2 24.5
P3044__1.0__424___0 0.160612806678 406.9 526.3 406.9 565.3 356.0 565.3 356.0 526.3
P3044__1.0__424___0 0.153530076146 559.3 476.2 559.3 503.9 525.1 503.9 525.1 476.2
P1542__1.0__2500___1000 0.183754637837 65.3 105.1 65.3 139.0 26.9 139.0 26.9 105.1
P2286__1.0__1500___1000 0.106686845422 600.0 333.5 600.0 366.3 563.8 366.3 563.8 333.5
P1651__1.0__2500___2500 0.104279629886 248.2 482.0 222.1 492.7 212.0 465.1 238.1 454.4
P1384__1.0__5000___1500 0.155196100473 605.2 570.6 605.2 600.2 582.0 600.2 582.0 570.6
P1529__1.0__1500___0 0.108568638563 40.5 420.0 40.5 449.2 12.1 449.2 12.1 420.0
P1332__1.0__2000___500 0.105239257216 609.3 254.0 513.1 269.2 506.5 214.4 602.6 199.2
P2709__1.0__1000___0 0.110352121294 594.4 430.1 594.4 518.2 497.4 518.2 497.4 430.1
P7746__1.0__424___424 0.139265477657 71.0 -1.0 71.0 37.1 37.8 37.1 37.8 -1.0
P1763__1.0__2000___3000 0.168681606650 331.9 378.5 331.9 409.9 297.0 409.9 297.0 378.5
P1751__1.0__2000___2500 0.197896584868 39.8 145.0 39.8 178.7 4.5 178.7 4.5 145.0
P1570__1.0__3000___3500 0.261654913425 160.0 415.8 160.0 445.0 132.0 445.0 132.0 415.8
P2337__1.0__1500___1000 0.131739735603 479.4 178.3 479.4 313.4 332.9 313.4 332.9 178.3
P1700__1.0__1500___3400 0.373564422131 339.5 572.8 339.5 598.0 313.4 598.0 313.4 572.8
P1373__1.0__500___3000 0.101431578398 80.6 563.4 80.6 608.3 11.5 608.3 11.5 563.4
P2766__1.0__2000___500 0.111240170896 384.6 197.2 384.6 230.0 347.9 230.0 347.9 197.2
P2689__1.0__1500___0 0.249629691243 611.1 130.5 611.1 193.5 545.2 193.5 545.2 130.5
P1584__1.0__3000___2000 0.209995374084 520.4 104.8 520.4 187.4 451.6 187.4 451.6 104.8
P1754__1.0__0___4345 0.220815792680 211.4 401.6 211.4 434.5 178.2 434.5 178.2 401.6
P0086__1.0__500___500 0.250009775162 266.2 16.1 266.2 340.0 -69.9 340.0 -69.9 16.1
P1506__1.0__2500___0 0.143842831254 205.4 211.1 205.4 304.4 118.3 304.4 118.3 211.1
P1752__1.0__3400___500 0.292948335409 542.8 126.0 542.8 166.1 501.8 166.1 501.8 126.0
P1371__1.0__1500___3000 0.115274012089 107.4 209.6 45.0 236.0 17.0 172.2 79.5 145.8
P5789__1.0__28500___5500 0.244769290090 320.1 446.7 320.1 476.4 292.5 476.4 292.5 446.7
P1752__1.0__2500___2000 0.392559617758 514.6 155.7 514.6 183.9 487.8 183.9 487.8 155.7
P1752__1.0__2500___2000 0.369093865156 39.2 94.8 39.2 125.0 5.6 125.0 5.6 94.8
P1752__1.0__2500___2000 0.335579216480 40.0 418.0 40.0 450.3 10.9 450.3 10.9 418.0
P1752__1.0__2500___2000 0.278326332569 157.8 75.7 157.8 103.8 126.1 103.8 126.1 75.7
P2197__1.0__1649___0 0.179211407900 295.6 246.1 295.6 342.4 197.3 342.4 197.3 246.1
P1581__1.0__3692___3400 0.131200551987 380.8 494.7 344.6 510.7 320.6 470.3 356.9 454.3
P1742__1.0__2500___2500 0.128711089492 162.9 86.5 162.9 261.6 -6.3 261.6 -6.3 86.5
P1598__1.0__1000___2000 0.467979431152 54.9 500.5 54.9 535.1 20.9 535.1 20.9 500.5
P1598__1.0__1000___2000 0.326790452003 433.0 124.6 433.0 152.1 403.3 152.1 403.3 124.6
P1672__1.0__0___0 0.136276945472 315.1 397.9 315.1 438.4 274.3 438.4 274.3 397.9
P1693__1.0__1000___2500 0.102080844343 520.5 249.0 438.5 271.0 355.0 18.5 437.1 -3.5
P9594__1.0__0___1500 0.206725090742 312.3 176.0 312.3 194.9 293.1 194.9 293.1 176.0
P1581__1.0__0___3000 0.586053311825 384.9 351.7 384.9 420.4 323.1 420.4 323.1 351.7
P1384__1.0__2500___2000 0.102795884013 104.3 -4.2 104.3 24.9 67.4 24.9 67.4 -4.2
P2547__1.0__2500___1500 0.124879240990 57.4 67.5 57.4 88.4 43.5 88.4 43.5 67.5
P1598__1.0__3400___1500 0.110002472997 117.3 150.6 117.3 221.6 39.2 221.6 39.2 150.6
P0161__1.0__1500___2114 0.184721574187 172.3 202.0 172.3 258.4 127.0 258.4 127.0 202.0
P1598__1.0__2000___3000 0.427144974470 238.3 309.4 238.3 375.2 188.2 375.2 188.2 309.4
P1763__1.0__1000___1000 0.158915594220 567.2 356.7 567.2 398.9 525.2 398.9 525.2 356.7
P1518__1.0__2500___2000 0.124279692769 516.7 550.6 516.7 613.2 447.0 613.2 447.0 550.6
P2689__1.0__4000___0 0.169139266014 344.0 243.2 344.0 288.2 300.3 288.2 300.3 243.2
P1579__1.0__3400___1500 0.392581671476 538.1 357.6 538.1 397.3 498.4 397.3 498.4 357.6
P1579__1.0__3400___1500 0.101988568902 559.7 312.4 559.7 340.0 533.2 340.0 533.2 312.4
P1754__1.0__0___1500 0.140009701252 74.9 529.4 74.9 570.6 33.6 570.6 33.6 529.4
P1754__1.0__0___1500 0.139238685369 139.7 538.5 139.7 585.9 96.0 585.9 96.0 538.5
P1754__1.0__0___1500 0.132701262832 59.2 449.0 59.2 483.8 25.2 483.8 25.2 449.0
P2478__1.0__1151___500 0.414162337780 532.8 133.0 532.8 173.9 495.7 173.9 495.7 133.0
P1752__1.0__2000___3000 0.159148856997 327.3 534.1 327.3 564.9 300.2 564.9 300.2 534.1
P5789__1.0__12500___7000 0.117928072810 395.8 292.3 395.8 335.8 344.8 335.8 344.8 292.3
P1940__1.0__0___299 0.116169668734 107.2 12.1 107.2 63.9 65.1 63.9 65.1 12.1
P2547__1.0__3128___0 0.434777468443 422.7 278.7 422.7 324.3 381.9 324.3 381.9 278.7
P1770__1.0__3400___3000 0.181112781167 589.4 480.9 589.4 514.6 551.3 514.6 551.3 480.9
P1666__1.0__1000___1000 0.345845460892 494.6 109.3 494.6 141.9 463.1 141.9 463.1 109.3
P1384__1.0__500___3500 0.322837948799 305.2 315.8 305.2 336.6 289.5 336.6 289.5 315.8
P1275__1.0__1000___2500 0.105797544122 54.0 358.6 54.0 380.4 36.3 380.4 36.3 358.6
P2733__1.0__1000___0 0.100599206984 128.0 88.4 128.0 188.1 28.5 188.1 28.5 88.4
P1751__1.0__3000___500 0.249267458916 287.3 487.2 287.3 516.4 261.2 516.4 261.2 487.2
P5789__1.0__19500___9500 0.104497395456 410.4 385.5 410.4 417.7 378.5 417.7 378.5 385.5
P1809__1.0__2000___2500 0.102091312408 190.5 402.2 190.5 473.1 125.8 473.1 125.8 402.2
P2802__1.0__2000___0 0.340069979429 451.4 190.5 451.4 301.7 337.1 301.7 337.1 190.5
P2802__1.0__2000___0 0.122280180454 340.3 538.8 340.3 618.0 256.5 618.0 256.5 538.8
P2791__1.0__3000___3000 0.152553528547 417.1 182.6 417.1 285.6 323.0 285.6 323.0 182.6
P2791__1.0__3000___3000 0.118467234075 594.1 -14.0 594.1 34.2 529.7 34.2 529.7 -14.0
P1586__1.0__0___3000 0.478365898132 192.8 138.3 192.8 186.1 146.7 186.1 146.7 138.3
P1586__1.0__0___3000 0.418200522661 478.8 520.3 478.8 570.4 430.1 570.4 430.1 520.3
P1570__1.0__500___3500 0.344168543816 287.3 205.6 287.3 230.9 262.3 230.9 262.3 205.6
P9594__1.0__500___500 0.161572292447 408.9 572.8 408.9 592.3 387.1 592.3 387.1 572.8
P1598__1.0__3400___2000 0.282814741135 413.6 442.1 413.6 474.6 383.4 474.6 383.4 442.1
P1598__1.0__3400___2000 0.216898605227 233.0 151.0 200.2 169.8 187.2 140.8 220.1 122.0
P1598__1.0__3400___2000 0.101897217333 442.0 434.5 396.6 455.6 355.6 379.0 401.1 358.0
P9594__1.0__1000___0 0.338454097509 499.2 219.5 499.2 287.8 432.6 287.8 432.6 219.5
P8324__1.0__424___0 0.125645697117 363.7 96.3 363.7 116.6 337.3 116.6 337.3 96.3
P2121__1.0__240___0 0.211700230837 274.0 380.4 274.0 632.0 9.5 632.0 9.5 380.4
P2121__1.0__240___0 0.117050677538 511.4 148.6 511.4 383.7 260.5 383.7 260.5 148.6
P2722__1.0__1000___500 0.107821770012 452.2 553.5 452.2 571.4 431.4 571.4 431.4 553.5
P2714__1.0__1500___0 0.116146236658 156.8 150.1 156.8 163.6 144.0 163.6 144.0 150.1
P1700__1.0__3000___3000 0.427929848433 138.3 15.5 138.3 44.5 107.0 44.5 107.0 15.5
P1384__1.0__4000___1500 0.457905083895 579.9 469.7 579.9 550.5 503.9 550.5 503.9 469.7
P1651__1.0__2500___1000 0.142071083188 427.1 553.3 427.1 586.7 393.6 586.7 393.6 553.3
P1581__1.0__0___2500 0.530521571636 203.8 203.7 203.8 263.2 144.3 263.2 144.3 203.7
P1581__1.0__0___2500 0.472645133734 590.9 156.2 590.9 223.7 526.0 223.7 526.0 156.2
P1581__1.0__0___2500 0.265706181526 289.5 12.3 289.5 48.2 251.2 48.2 251.2 12.3
P1581__1.0__0___2500 0.101146809757 282.7 326.2 282.7 365.6 242.1 365.6 242.1 326.2
P2689__1.0__3000___1000 0.147556811571 416.2 -8.6 416.2 20.9 379.8 20.9 379.8 -8.6
P2413__1.0__1583___500 0.383597820997 252.8 225.3 252.8 299.2 176.1 299.2 176.1 225.3
P1579__1.0__3000___1500 0.274329721928 297.7 -2.6 297.7 46.2 251.5 46.2 251.5 -2.6
P1242__1.0__500___0 0.112277746201 332.1 -6.1 332.1 25.2 279.0 25.2 279.0 -6.1
P2413__1.0__1500___1000 0.186727926135 352.9 240.7 352.9 347.7 252.1 347.7 252.1 240.7
P1752__1.0__3000___1000 0.195498943329 447.4 570.6 447.4 609.5 396.7 609.5 396.7 570.6
P1809__1.0__3000___3500 0.343183994293 384.7 350.8 384.7 429.3 314.9 429.3 314.9 350.8
P1809__1.0__3000___3500 0.216307476163 184.5 62.6 184.5 214.2 28.3 214.2 28.3 62.6
P1752__1.0__3000___1500 0.473808765411 449.2 77.5 449.2 133.7 395.5 133.7 395.5 77.5
P1752__1.0__3000___1500 0.275432765484 211.5 395.7 211.5 424.1 184.8 424.1 184.8 395.7
P1596__1.0__3000___0 0.102050848305 593.0 482.4 593.0 504.9 570.7 504.9 570.7 482.4
P2374__1.0__500___500 0.160325631499 216.3 106.1 216.3 322.1 12.4 322.1 12.4 106.1
P1377__1.0__2000___3416 0.178955987096 190.1 477.3 190.1 527.1 134.0 527.1 134.0 477.3
P2394__1.0__1205___500 0.158530399203 342.9 65.0 342.9 91.3 317.2 91.3 317.2 65.0
P2768__1.0__0___500 0.110684089363 417.8 186.8 417.8 207.7 394.0 207.7 394.0 186.8
P4138__1.0__0___0 0.227538868785 289.5 502.7 289.5 621.7 146.9 621.7 146.9 502.7
P1373__1.0__2500___0 0.325835883617 420.7 355.4 420.7 416.1 359.3 416.1 359.3 355.4
P0081__1.0__93___0 0.270086616278 439.4 210.3 439.4 546.3 29.2 546.3 29.2 210.3
P1384__1.0__5000___500 0.191430747509 293.4 29.8 293.4 246.5 38.8 246.5 38.8 29.8
P2689__1.0__2000___0 0.357236474752 338.0 49.0 338.0 73.1 314.3 73.1 314.3 49.0
P2689__1.0__2000___0 0.275073170662 113.3 131.7 113.3 192.3 51.2 192.3 51.2 131.7
P0953__1.0__2000___0 0.114593684673 386.6 11.4 386.6 73.2 313.9 73.2 313.9 11.4
P2766__1.0__4500___2500 0.100222349167 508.9 220.9 508.9 239.2 488.0 239.2 488.0 220.9
P2488__1.0__1500___500 0.128872871399 19.4 76.3 19.4 95.5 1.6 95.5 1.6 76.3
P1604__1.0__1500___2000 0.262186348438 116.8 106.7 116.8 192.5 30.3 192.5 30.3 106.7
P1742__1.0__1500___3000 0.101171173155 551.2 434.4 551.2 458.7 524.4 458.7 524.4 434.4
P1759__1.0__3400___500 0.104726538062 290.4 14.6 290.4 53.6 250.5 53.6 250.5 14.6
P2542__1.0__500___500 0.143219545484 68.3 532.2 68.3 575.7 30.4 575.7 30.4 532.2
P2714__1.0__3937___1850 0.152697160840 200.5 63.1 200.5 84.7 180.2 84.7 180.2 63.1
P1754__1.0__500___0 0.237347260118 24.8 117.0 24.8 150.1 -6.2 150.1 -6.2 117.0
P1672__1.0__1000___500 0.167648375034 358.3 -4.5 358.3 56.4 293.3 56.4 293.3 -4.5
P4083__1.0__424___0 0.107728824019 59.6 393.3 59.6 433.9 16.5 433.9 16.5 393.3
P1384__1.0__5000___2500 0.341157138348 486.0 361.2 486.0 395.3 453.3 395.3 453.3 361.2
P0262__1.0__500___1838 0.183198496699 373.5 155.9 373.5 216.9 310.6 216.9 310.6 155.9
P1518__1.0__1000___2000 0.117947176099 508.7 -14.0 508.7 33.1 455.7 33.1 455.7 -14.0
P2331__1.0__0___1000 0.191254809499 413.1 441.1 413.1 474.3 383.8 474.3 383.8 441.1
P2504__1.0__1020___500 0.266384810209 97.7 162.5 97.7 185.2 76.2 185.2 76.2 162.5
P2504__1.0__1020___500 0.193026036024 519.7 23.3 519.7 44.7 499.9 44.7 499.9 23.3
P1342__1.0__3400___500 0.196548238397 32.7 166.9 32.7 228.5 -14.3 228.5 -14.3 166.9
P2450__1.0__500___500 0.461107552052 516.6 90.8 516.6 121.2 487.9 121.2 487.9 90.8
P1184__1.0__1500___2500 0.172981306911 583.9 174.4 583.9 229.1 524.0 229.1 524.0 174.4
P1598__1.0__3000___2000 0.206274300814 56.2 289.1 56.2 313.2 34.4 313.2 34.4 289.1
P1598__1.0__3000___2000 0.116807885468 84.4 284.5 84.4 312.1 56.6 312.1 56.6 284.5
P1601__1.0__3000___500 0.141801506281 182.0 553.2 182.0 595.2 134.1 595.2 134.1 553.2
P5789__1.0__25000___22000 0.145340919495 258.4 213.4 258.4 237.8 234.9 237.8 234.9 213.4
P1752__1.0__0___0 0.103866674006 295.3 67.1 295.3 105.4 252.8 105.4 252.8 67.1
P1586__1.0__500___3400 0.349542737007 325.0 265.8 325.0 297.5 294.2 297.5 294.2 265.8
P2791__1.0__2500___1500 0.166316092014 573.8 214.8 573.8 285.2 510.7 285.2 510.7 214.8
P1577__1.0__1000___1500 0.249173223972 435.7 20.8 435.7 46.7 410.1 46.7 410.1 20.8
P1577__1.0__1000___1500 0.178205922246 412.3 -4.3 412.3 23.0 382.6 23.0 382.6 -4.3
P5789__1.0__21000___15000 0.148991033435 201.6 171.3 201.6 208.9 161.0 208.9 161.0 171.3
P5789__1.0__21000___15000 0.133178725839 138.7 262.9 138.7 317.1 81.6 317.1 81.6 262.9
P4957__1.0__0___0 0.111770145595 63.3 318.6 63.3 341.2 37.3 341.2 37.3 318.6
P0079__1.0__119___35 0.460456013680 292.6 306.2 292.6 409.9 184.3 409.9 184.3 306.2
P0104__1.0__0___500 0.248689457774 512.7 -26.5 512.7 94.4 348.1 94.4 348.1 -26.5
P2097__1.0__500___365 0.166249111295 407.4 418.9 407.4 465.9 357.3 465.9 357.3 418.9
P1581__1.0__1000___3400 0.111712671816 55.8 37.2 55.8 69.4 27.7 69.4 27.7 37.2
P2993__1.0__424___424 0.127506881952 206.2 215.8 206.2 235.5 182.4 235.5 182.4 215.8
P2993__1.0__424___424 0.124667547643 166.8 202.5 166.8 224.3 141.7 224.3 141.7 202.5
P2993__1.0__424___424 0.106334112585 230.7 187.7 230.7 209.5 205.2 209.5 205.2 187.7
P1410__1.0__1500___3000 0.100733071566 223.4 368.1 223.4 467.8 124.5 467.8 124.5 368.1
P2718__1.0__2000___500 0.108584582806 99.8 46.5 99.8 68.2 72.0 68.2 72.0 46.5
P2504__1.0__1000___500 0.306772351265 117.7 162.6 117.7 185.3 96.2 185.3 96.2 162.6
P2504__1.0__1000___500 0.215941637754 539.8 23.7 539.8 44.1 520.4 44.1 520.4 23.7
P2504__1.0__1000___500 0.106869764626 539.0 -2.1 539.0 21.9 513.5 21.9 513.5 -2.1
P2449__1.0__0___500 0.314116746187 344.7 11.7 344.7 54.9 307.6 54.9 307.6 11.7
P2337__1.0__1825___1000 0.122847251594 152.7 182.1 152.7 309.6 18.9 309.6 18.9 182.1
P5789__1.0__28600___5500 0.257740288973 220.8 446.4 220.8 476.7 191.8 476.7 191.8 446.4
P1672__1.0__3000___1500 0.459461927414 416.3 547.9 416.3 583.5 380.2 583.5 380.2 547.9
P0990__1.0__0___1500 0.193070396781 580.2 272.4 580.2 314.8 536.5 314.8 536.5 272.4
P2766__1.0__2500___2000 0.127825379372 329.6 388.6 329.6 479.7 234.8 479.7 234.8 388.6
P2766__1.0__2500___2000 0.112312965095 384.3 291.8 384.3 384.4 283.6 384.4 283.6 291.8
P2766__1.0__2500___2000 0.106589421630 181.2 154.3 181.2 226.4 103.0 226.4 103.0 154.3
P1751__1.0__2500___1000 0.173690199852 461.2 495.5 461.2 524.7 430.2 524.7 430.2 495.5
P1751__1.0__2500___1000 0.159317269921 116.1 265.0 116.1 299.1 81.1 299.1 81.1 265.0
P3044__1.0__0___0 0.207184150815 130.4 389.3 130.4 422.8 90.2 422.8 90.2 389.3
P1672__1.0__3400___1500 0.544224560261 371.9 48.8 371.9 122.5 303.6 122.5 303.6 48.8
P1672__1.0__3400___1500 0.257734566927 31.0 542.7 31.0 588.8 -11.3 588.8 -11.3 542.7
P1672__1.0__3400___1500 0.162756353617 545.7 466.2 545.7 498.4 514.5 498.4 514.5 466.2
P2331__1.0__2000___0 0.200755879283 533.1 373.6 533.1 397.5 509.9 397.5 509.9 373.6
P2331__1.0__2000___0 0.177787870169 443.4 394.6 443.4 473.8 360.5 473.8 360.5 394.6
P2331__1.0__2000___0 0.114580199122 554.4 474.6 554.4 504.7 528.6 504.7 528.6 474.6
P2331__1.0__2000___0 0.102354183793 298.9 363.9 298.9 385.0 274.1 385.0 274.1 363.9
P1651__1.0__1500___2000 0.143313512206 432.0 565.6 432.0 606.4 387.9 606.4 387.9 565.6
P2477__1.0__500___500 0.367182344198 141.3 294.9 141.3 340.4 101.1 340.4 101.1 294.9
P2337__1.0__1825___500 0.137732952833 296.9 320.0 296.9 452.0 147.6 452.0 147.6 320.0
P2337__1.0__1825___500 0.135903060436 321.2 159.8 321.2 283.5 179.2 283.5 179.2 159.8
P2337__1.0__1825___500 0.134980052710 452.4 467.0 452.4 576.8 342.9 576.8 342.9 467.0
P2337__1.0__1825___500 0.113721929491 462.9 234.4 462.9 337.2 365.9 337.2 365.9 234.4
P2337__1.0__1825___500 0.105238638818 302.9 467.1 302.9 625.6 141.6 625.6 141.6 467.1
P0086__1.0__500___0 0.167588636279 227.8 399.4 227.8 644.4 -23.4 644.4 -23.4 399.4
P2778__1.0__1500___0 0.120094202459 574.3 443.1 574.3 537.3 485.0 537.3 485.0 443.1
P2230__1.0__1941___0 0.322787195444 345.2 249.8 345.2 298.2 299.5 298.2 299.5 249.8
P1577__1.0__1000___2000 0.146764248610 37.3 519.4 37.3 563.9 -9.5 563.9 -9.5 519.4
P2733__1.0__500___0 0.199913382530 315.5 184.5 315.5 212.8 287.5 212.8 287.5 184.5
P0086__1.0__0___500 0.270458042622 655.4 33.1 655.4 299.7 317.5 299.7 317.5 33.1
P9594__1.0__0___2500 0.398211985826 77.8 278.4 77.8 317.1 37.8 317.1 37.8 278.4
P1240__1.0__0___1500 0.120080165565 533.8 -13.3 533.8 32.5 478.3 32.5 478.3 -13.3
P1384__1.0__5264___1500 0.327792793512 358.5 569.0 358.5 602.7 324.7 602.7 324.7 569.0
P1432__1.0__0___2500 0.123992905021 344.0 420.4 226.6 453.6 154.9 206.9 272.4 173.7
P1561__1.0__3694___1000 0.316782087088 338.5 147.2 338.5 216.6 273.7 216.6 273.7 147.2
P1410__1.0__500___5352 0.132891014218 101.1 72.9 101.1 179.2 -0.6 179.2 -0.6 72.9
P1380__1.0__3500___4094 0.158405676484 250.5 -16.9 250.5 29.0 200.6 29.0 200.6 -16.9
P1598__1.0__2000___1000 0.159790784121 612.6 233.8 612.6 289.4 567.5 289.4 567.5 233.8
P2539__1.0__500___1000 0.426336795092 318.6 339.7 318.6 375.7 283.6 375.7 283.6 339.7
P2709__1.0__0___500 0.108092837036 275.8 84.3 275.8 120.0 240.8 120.0 240.8 84.3
P1384__1.0__1500___3500 0.107201889157 143.9 573.2 143.9 604.8 115.6 604.8 115.6 573.2
P1759__1.0__2500___3000 0.316065192223 551.1 514.0 551.1 538.3 526.0 538.3 526.0 514.0
P6868__1.0__0___424 0.136111974716 262.7 294.3 262.7 316.9 230.2 316.9 230.2 294.3
P5789__1.0__27000___16500 0.102275878191 279.4 -14.6 279.4 34.1 212.6 34.1 212.6 -14.6
P1410__1.0__500___5000 0.119539499283 103.5 421.9 103.5 534.1 -3.0 534.1 -3.0 421.9
P1384__1.0__4000___2000 0.426063448191 571.5 -16.1 571.5 52.2 504.5 52.2 504.5 -16.1
P0086__1.0__557___500 0.250150531530 198.2 22.6 198.2 333.3 -113.8 333.3 -113.8 22.6
P1751__1.0__2500___1500 0.192596778274 455.5 -1.9 455.5 21.8 429.9 21.8 429.9 -1.9
P1598__1.0__1500___500 0.126058891416 292.4 -8.7 292.4 27.7 247.3 27.7 247.3 -8.7
P1586__1.0__2500___1500 0.472221881151 368.9 438.9 368.9 492.7 315.7 492.7 315.7 438.9
P5789__1.0__27000___7500 0.118490673602 353.1 550.3 353.1 573.5 332.0 573.5 332.0 550.3
P5789__1.0__27500___2000 0.220493406057 435.5 387.7 435.5 408.2 415.9 408.2 415.9 387.7
P5789__1.0__27500___2000 0.172081947327 480.4 490.0 480.4 512.9 459.0 512.9 459.0 490.0
P2754__1.0__500___3000 0.136371880770 286.0 86.3 286.0 116.9 254.3 116.9 254.3 86.3
P2802__1.0__3500___1000 0.102070204914 303.0 304.1 303.0 620.2 -74.6 620.2 -74.6 304.1
P1547__1.0__500___3000 0.155378878117 496.3 543.5 496.3 580.6 453.0 580.6 453.0 543.5
P1380__1.0__3797___3000 0.115325108171 57.2 237.3 57.2 319.3 -20.7 319.3 -20.7 237.3
P2758__1.0__5500___0 0.163986623287 133.9 373.3 133.9 470.9 71.0 470.9 71.0 373.3
P5334__1.0__0___0 0.133430987597 356.1 246.1 356.1 349.7 264.7 349.7 264.7 246.1
P2337__1.0__1500___500 0.245301619172 379.7 425.7 379.7 554.0 256.1 554.0 256.1 425.7
P2337__1.0__1500___500 0.142524108291 619.9 321.2 619.9 450.8 471.8 450.8 471.8 321.2
P1380__1.0__2000___2000 0.309336066246 473.1 408.3 473.1 628.1 235.3 628.1 235.3 408.3
P1518__1.0__500___1500 0.100598171353 326.2 382.1 326.2 422.5 287.4 422.5 287.4 382.1
P2721__1.0__1000___0 0.141761779785 474.1 273.4 474.1 306.4 441.6 306.4 441.6 273.4
P0081__1.0__93___290 0.256678938866 409.1 -44.7 409.1 233.0 59.3 233.0 59.3 -44.7
P1380__1.0__3000___2500 0.100756242871 616.8 441.1 616.8 522.7 563.5 522.7 563.5 441.1
P1752__1.0__0___2500 0.177027255297 308.0 297.8 308.0 322.4 279.6 322.4 279.6 297.8
P1854__1.0__12500___2000 0.122857414186 114.8 523.8 114.8 616.2 25.5 616.2 25.5 523.8
P2126__1.0__0___504 0.115441009402 173.8 395.4 173.8 448.9 102.7 448.9 102.7 395.4
P0262__1.0__1500___1000 0.360209822655 501.4 353.7 501.4 442.4 422.8 442.4 422.8 353.7
P1647__1.0__1000___1500 0.304081290960 135.2 351.8 135.2 395.9 92.4 395.9 92.4 351.8
P1809__1.0__3000___5500 0.132414281368 616.4 461.0 616.4 583.1 523.5 583.1 523.5 461.0
P1647__1.0__2500___2500 0.154337465763 408.0 37.5 408.0 70.1 371.0 70.1 371.0 37.5
P1751__1.0__0___2000 0.444664627314 517.6 257.4 517.6 289.0 486.5 289.0 486.5 257.4
P1542__1.0__2500___500 0.107281379402 506.5 338.3 506.5 362.5 481.2 362.5 481.2 338.3
P2645__1.0__2000___2842 0.129393249750 442.0 39.3 442.0 204.2 274.0 204.2 274.0 39.3
P0150__1.0__0___12 0.179198667407 478.8 211.4 478.8 247.7 443.8 247.7 443.8 211.4
P2337__1.0__1500___0 0.127949684858 336.3 262.1 336.3 429.8 164.1 429.8 164.1 262.1
P2337__1.0__1500___0 0.103057414293 500.7 476.3 500.7 607.8 359.7 607.8 359.7 476.3
P1342__1.0__1500___500 0.127337127924 399.0 420.6 399.0 488.2 316.6 488.2 316.6 420.6
P1770__1.0__1000___2000 0.461440354586 439.7 125.0 439.7 206.6 356.6 206.6 356.6 125.0
P5789__1.0__17000___10500 0.133711099625 500.5 493.3 500.5 631.0 343.6 631.0 343.6 493.3
P1342__1.0__2000___2500 0.185665294528 61.6 538.0 61.6 578.0 15.2 578.0 15.2 538.0
P1604__1.0__0___2000 0.398753970861 373.7 384.4 373.7 418.1 341.0 418.1 341.0 384.4
P1384__1.0__5264___2500 0.282254248857 221.7 363.7 221.7 398.5 190.2 398.5 190.2 363.7
P2587__1.0__1000___0 0.115858219564 554.3 514.6 554.3 608.8 465.3 608.8 465.3 514.6
P0864__1.0__2471___1000 0.187761366367 536.6 62.8 536.6 132.4 466.8 132.4 466.8 62.8
P2766__1.0__2000___2500 0.132213830948 472.7 293.6 472.7 365.3 402.6 365.3 402.6 293.6
P2231__1.0__1125___0 0.121422074735 298.3 50.0 298.3 72.1 279.5 72.1 279.5 50.0
P5789__1.0__20000___22000 0.139631316066 452.1 150.2 390.4 174.7 360.0 110.3 421.6 85.9
P0499__1.0__0___0 0.161505147815 401.9 268.5 401.9 631.5 -5.6 631.5 -5.6 268.5
P2802__1.0__1000___500 0.122248612344 132.2 318.4 132.2 340.9 110.7 340.9 110.7 318.4
P1751__1.0__2500___2500 0.286851912737 564.7 374.7 564.7 501.2 463.5 501.2 463.5 374.7
P1579__1.0__3000___1000 0.299680769444 299.1 536.6 261.1 544.1 251.1 499.5 289.2 492.0
P0104__1.0__325___0 0.351728707552 273.4 348.1 273.4 601.0 -36.5 601.0 -36.5 348.1
P2271__1.0__1000___2000 0.143176883459 376.5 547.9 376.5 608.1 291.1 608.1 291.1 547.9
P5789__1.0__18500___11500 0.207894548774 426.4 547.2 426.4 593.2 377.3 593.2 377.3 547.2
P2541__1.0__1500___0 0.177461475134 250.9 167.5 250.9 196.9 224.7 196.9 224.7 167.5
P1759__1.0__3400___1000 0.226343303919 381.7 568.1 381.7 595.4 351.6 595.4 351.6 568.1
P5789__1.0__28000___500 0.106472283602 212.9 531.2 212.9 552.9 192.6 552.9 192.6 531.2
P1809__1.0__2500___3000 0.126105487347 347.4 339.5 347.4 489.3 193.2 489.3 193.2 339.5
P2446__1.0__1000___1000 0.238418474793 63.2 367.2 63.2 396.4 37.6 396.4 37.6 367.2
P0420__1.0__0___0 0.105331569910 275.6 -7.8 275.6 92.4 169.2 92.4 169.2 -7.8
P1754__1.0__0___500 0.206048741937 297.4 123.1 297.4 160.8 260.2 160.8 260.2 123.1
P2542__1.0__1500___1887 0.378791600466 131.3 222.6 131.3 244.1 112.1 244.1 112.1 222.6
P2420__1.0__500___1000 0.121618278325 442.0 386.1 442.0 401.1 427.7 401.1 427.7 386.1
P2420__1.0__500___1000 0.117793872952 340.8 78.5 340.8 102.5 319.0 102.5 319.0 78.5
P1090__1.0__1500___800 0.119291365147 443.6 529.9 415.9 547.1 393.7 506.1 421.3 489.0
P5949__1.0__0___0 0.320879787207 147.1 349.9 147.1 373.4 122.2 373.4 122.2 349.9
P0150__1.0__122___12 0.172478362918 357.5 206.6 357.5 245.8 318.6 245.8 318.6 206.6
P2385__1.0__1000___500 0.101156152785 513.6 389.7 513.6 406.4 496.7 406.4 496.7 389.7
P2446__1.0__1000___500 0.390152931213 126.4 186.3 126.4 224.3 93.6 224.3 93.6 186.3
P1581__1.0__500___2500 0.494822442532 93.6 157.1 93.6 222.9 30.8 222.9 30.8 157.1
P1752__1.0__2500___1500 0.271703273058 156.0 577.7 156.0 602.0 127.9 602.0 127.9 577.7
P2488__1.0__1722___0 0.159134730697 507.7 156.1 507.7 199.7 464.5 199.7 464.5 156.1
P2488__1.0__1722___0 0.135401606560 563.9 134.5 563.9 173.3 528.0 173.3 528.0 134.5
P1090__1.0__1573___800 0.144595578313 370.6 532.5 343.7 548.2 321.9 504.2 348.9 488.5
P0079__1.0__119___0 0.436832636595 297.6 338.7 297.6 449.1 186.0 449.1 186.0 338.7
P2714__1.0__3000___0 0.134412154555 114.7 357.6 114.7 381.4 89.2 381.4 89.2 357.6
P5789__1.0__25000___5000 0.192315250635 604.0 157.5 604.0 181.6 583.4 181.6 583.4 157.5
P1371__1.0__3400___1000 0.244299829006 213.0 151.9 213.0 186.6 180.9 186.6 180.9 151.9
P5789__1.0__14000___13500 0.122352920473 604.7 326.3 604.7 373.4 558.5 373.4 558.5 326.3
P2342__1.0__1000___1774 0.117791295052 277.6 517.7 252.2 530.6 245.6 517.2 271.1 504.3
P0961__1.0__5000___500 0.104464583099 313.3 510.5 313.3 573.4 235.0 573.4 235.0 510.5
P2413__1.0__1583___1000 0.124229356647 272.4 238.1 272.4 350.3 164.4 350.3 164.4 238.1
P1601__1.0__500___2000 0.127632871270 148.0 571.1 148.0 609.1 95.7 609.1 95.7 571.1
P2271__1.0__3500___1000 0.151049911976 289.1 -12.6 289.1 40.4 227.2 40.4 227.2 -12.6
P1693__1.0__2000___1500 0.192256093025 604.0 508.1 604.0 560.2 552.7 560.2 552.7 508.1
P1586__1.0__3400___3400 0.120923720300 125.6 559.6 125.6 595.8 94.2 595.8 94.2 559.6
P1570__1.0__3000___1000 0.138992354274 89.6 447.0 89.6 477.4 60.0 477.4 60.0 447.0
P1384__1.0__4500___1500 0.446315139532 79.8 469.0 79.8 551.3 4.9 551.3 4.9 469.0
P1410__1.0__3500___1500 0.143291845918 576.4 427.3 576.4 497.2 516.1 497.2 516.1 427.3
P0990__1.0__500___1628 0.168126627803 83.8 143.4 83.8 188.9 40.0 188.9 40.0 143.4
P0990__1.0__500___1628 0.100935049355 602.2 4.4 602.2 112.2 498.4 112.2 498.4 4.4
P2802__1.0__1000___2500 0.173723891377 247.7 352.6 247.7 387.6 211.7 387.6 211.7 352.6
P0161__1.0__2000___2000 0.138125196099 286.2 426.9 286.2 489.2 230.0 489.2 230.0 426.9
P1570__1.0__2500___3500 0.342394798994 431.9 479.9 431.9 508.6 404.7 508.6 404.7 479.9
P1541__1.0__0___2500 0.226970598102 431.5 311.3 431.5 339.9 404.8 339.9 404.8 311.3
P2802__1.0__500___0 0.136872634292 194.0 306.8 194.0 337.3 161.9 337.3 161.9 306.8
P2331__1.0__2500___500 0.102224558592 164.2 341.7 126.6 392.7 48.0 342.0 85.6 290.9
P2331__1.0__0___1359 0.199372380972 414.9 108.7 393.7 115.8 388.7 95.1 409.9 88.0
P2722__1.0__1000___1000 0.111740954220 453.2 52.0 453.2 72.8 430.1 72.8 430.1 52.0
P1992__1.0__500___0 0.499401450157 376.2 97.2 376.2 194.7 283.8 194.7 283.8 97.2
P2689__1.0__1500___1000 0.343945980072 375.4 45.0 375.4 86.2 339.7 86.2 339.7 45.0
P0990__1.0__0___1628 0.187182694674 580.1 145.0 580.1 186.4 536.5 186.4 536.5 145.0
P1596__1.0__1000___1500 0.319774925709 380.5 132.6 380.5 191.3 319.6 191.3 319.6 132.6
P1666__1.0__1000___500 0.372286707163 340.9 290.5 340.9 361.5 278.1 361.5 278.1 290.5
P0079__1.0__0___0 0.418139606714 416.3 337.4 416.3 449.9 299.5 449.9 299.5 337.4
P9977__1.0__424___0 0.100824631751 553.8 351.4 553.8 380.5 530.6 380.5 530.6 351.4
P1398__1.0__1500___0 0.112220354378 389.1 301.2 389.1 614.8 30.6 614.8 30.6 301.2
P5949__1.0__424___0 0.122051633894 158.3 160.8 158.3 178.4 134.4 178.4 134.4 160.8
P2794__1.0__1000___1000 0.111012697220 559.8 -46.3 559.8 346.2 132.4 346.2 132.4 -46.3
P1693__1.0__1000___2000 0.126052081585 480.0 489.4 480.0 618.9 364.0 618.9 364.0 489.4
P2331__1.0__1000___1000 0.365366131067 495.8 442.7 495.8 505.6 436.3 505.6 436.3 442.7
P2331__1.0__1000___1000 0.285477936268 563.5 356.4 563.5 383.1 537.9 383.1 537.9 356.4
P1700__1.0__3000___2500 0.435050129890 137.0 516.8 137.0 543.3 108.2 543.3 108.2 516.8
P1713__1.0__2500___3400 0.124286882579 605.5 177.9 605.5 217.7 567.2 217.7 567.2 177.9
P8392__1.0__424___0 0.118258729577 62.5 -23.5 62.5 43.9 -10.2 43.9 -10.2 -23.5
P0019__1.0__1000___0 0.101640000939 586.2 89.4 586.2 138.9 530.1 138.9 530.1 89.4
P0110__1.0__1964___1470 0.136403754354 448.4 68.0 448.4 86.3 428.5 86.3 428.5 68.0
P0704__1.0__1500___0 0.223005697131 596.3 310.6 596.3 437.9 465.0 437.9 465.0 310.6
P2455__1.0__1000___0 0.499470442533 176.5 360.8 176.5 451.5 91.7 451.5 91.7 360.8
P2242__1.0__1500___566 0.107022352517 132.3 36.6 132.3 95.7 88.2 95.7 88.2 36.6
P1601__1.0__1000___3400 0.133112385869 321.0 432.0 321.0 467.7 290.2 467.7 290.2 432.0
P2724__1.0__3500___1500 0.124610304832 177.9 439.7 177.9 460.2 155.5 460.2 155.5 439.7
P1560__1.0__3400___3400 0.463561654091 360.0 31.9 360.0 76.0 316.1 76.0 316.1 31.9
P5789__1.0__2000___17500 0.116561062634 609.2 267.2 609.2 312.7 571.8 312.7 571.8 267.2
P2547__1.0__1000___1000 0.291089117527 105.9 433.2 105.9 466.3 74.7 466.3 74.7 433.2
P1561__1.0__3694___500 0.103366822004 295.8 -7.2 295.8 59.5 220.5 59.5 220.5 -7.2
P1581__1.0__500___3400 0.530503630638 424.4 468.0 424.4 535.5 362.4 535.5 362.4 468.0
P1610__1.0__1500___500 0.488659799099 43.0 216.8 43.0 251.2 9.4 251.2 9.4 216.8
P1770__1.0__1500___1500 0.470037668943 93.5 215.5 93.5 292.3 15.0 292.3 15.0 215.5
P1770__1.0__1500___1500 0.103327400982 406.0 569.2 406.0 602.3 366.5 602.3 366.5 569.2
P9594__1.0__500___1000 0.212136909366 409.4 74.7 409.4 95.5 386.7 95.5 386.7 74.7
P1770__1.0__1000___1500 0.435037821531 594.2 214.9 594.2 292.8 514.2 292.8 514.2 214.9
P1384__1.0__500___4500 0.346811711788 326.6 211.2 326.6 234.0 308.8 234.0 308.8 211.2
P2714__1.0__3500___1000 0.384993016720 508.5 466.5 508.5 488.1 487.7 488.1 487.7 466.5
P2789__1.0__2000___3000 0.241112753749 355.8 175.5 355.8 324.7 208.0 324.7 208.0 175.5
P1376__1.0__500___3000 0.112078890204 597.6 -6.6 597.6 26.9 558.5 26.9 558.5 -6.6
P1699__1.0__500___500 0.257045179605 24.5 307.3 24.5 344.8 -13.0 344.8 -13.0 307.3
P1604__1.0__500___3000 0.147856235504 138.1 566.1 138.1 605.4 89.3 605.4 89.3 566.1
P2721__1.0__3500___1853 0.310223609209 365.8 351.5 365.8 405.1 310.2 405.1 310.2 351.5
P0990__1.0__500___1500 0.195163607597 83.9 270.5 83.9 317.5 39.9 317.5 39.9 270.5
P2689__1.0__500___500 0.158184677362 490.1 558.4 490.1 588.9 456.4 588.9 456.4 558.4
P1601__1.0__0___2500 0.236954256892 616.4 544.4 616.4 611.0 547.9 611.0 547.9 544.4
P1380__1.0__3797___4000 0.152213841677 490.6 427.6 490.6 472.3 441.7 472.3 441.7 427.6
P1751__1.0__2500___3000 0.119247019291 55.7 495.6 55.7 524.7 29.3 524.7 29.3 495.6
P1751__1.0__500___2000 0.288917124271 22.9 256.9 22.9 290.3 -10.8 290.3 -10.8 256.9
P7800__1.0__0___424 0.124775871634 500.1 353.3 500.1 370.7 479.9 370.7 479.9 353.3
P1065__1.0__500___1500 0.199762821198 499.9 111.4 499.9 156.6 456.5 156.6 456.5 111.4
P1065__1.0__500___1500 0.117279492319 622.5 299.7 622.5 384.7 550.0 384.7 550.0 299.7
P1751__1.0__0___500 0.437682777643 533.0 324.5 533.0 351.7 503.8 351.7 503.8 324.5
P9997__1.0__0___500 0.104710720479 600.7 309.9 600.7 350.3 555.5 350.3 555.5 309.9
P1332__1.0__3000___500 0.110175602138 233.2 390.6 233.2 422.2 202.5 422.2 202.5 390.6
P1240__1.0__2500___2500 0.403096675873 410.3 164.0 410.3 215.0 361.9 215.0 361.9 164.0
P1184__1.0__1500___4000 0.246469467878 302.9 153.7 302.9 186.8 268.3 186.8 268.3 153.7
P1184__1.0__1500___4000 0.202428072691 202.3 98.4 202.3 160.9 130.3 160.9 130.3 98.4
P1184__1.0__1500___4000 0.115275785327 351.1 4.7 351.1 79.2 277.5 79.2 277.5 4.7
P2754__1.0__500___2500 0.104299336672 291.2 573.1 291.2 606.2 247.9 606.2 247.9 573.1
P2724__1.0__3941___0 0.290920376778 283.2 369.0 283.2 402.1 249.0 402.1 249.0 369.0
P5789__1.0__13000___1500 0.157288521528 305.4 162.6 305.4 186.1 282.1 186.1 282.1 162.6
P2689__1.0__4500___500 0.389939725399 151.6 344.2 151.6 395.9 101.4 395.9 101.4 344.2
P2477__1.0__0___1000 0.345393061638 151.7 44.6 151.7 79.9 122.7 79.9 122.7 44.6
P0150__1.0__0___0 0.185853585601 476.4 222.8 476.4 260.1 439.9 260.1 439.9 222.8
P2429__1.0__0___1000 0.291905045509 334.9 431.6 334.9 452.8 317.9 452.8 317.9 431.6
P5789__1.0__22500___12500 0.266465961933 21.7 153.8 21.7 179.6 -2.1 179.6 -2.1 153.8
P5789__1.0__22500___12500 0.116292826831 68.6 350.3 68.6 371.6 46.2 371.6 46.2 350.3
P2714__1.0__1500___1500 0.105447649956 259.6 36.4 259.6 62.7 233.1 62.7 233.1 36.4
P1342__1.0__1500___2500 0.116191424429 557.5 541.6 557.5 575.0 518.8 575.0 518.8 541.6
P1569__1.0__3694___500 0.112213149667 425.5 203.6 425.5 232.3 395.5 232.3 395.5 203.6
P1577__1.0__1500___1000 0.280743867159 131.6 485.1 131.6 509.9 104.2 509.9 104.2 485.1
P1577__1.0__1500___1000 0.177494838834 305.5 440.6 305.5 467.2 276.2 467.2 276.2 440.6
P1693__1.0__2000___2000 0.178406357765 603.7 11.5 603.7 63.7 552.8 63.7 552.8 11.5
P5789__1.0__20500___19000 0.102505125105 145.8 83.4 145.8 176.1 50.1 176.1 50.1 83.4
P1384__1.0__5264___1000 0.110110960901 414.3 506.5 414.3 593.2 333.4 593.2 333.4 506.5
P1065__1.0__0___1000 0.309209913015 86.2 511.3 86.2 573.1 29.0 573.1 29.0 511.3
P1065__1.0__0___1000 0.132868021727 116.0 430.5 116.0 518.4 49.0 518.4 49.0 430.5
P2718__1.0__1500___1000 0.163861274719 258.9 274.0 258.9 346.0 193.3 346.0 193.3 274.0
P1752__1.0__0___1000 0.272705435753 250.5 246.1 250.5 268.6 225.1 268.6 225.1 246.1
P1246__1.0__3400___2000 0.105869628489 174.0 274.9 174.0 297.4 151.3 297.4 151.3 274.9
P2331__1.0__1000___500 0.109894134104 427.9 9.1 427.9 51.3 384.5 51.3 384.5 9.1
P4721__1.0__424___0 0.111579649150 509.8 348.2 509.8 367.0 485.9 367.0 485.9 348.2
P1751__1.0__1500___2500 0.100007079542 535.7 145.3 535.7 178.8 501.7 178.8 501.7 145.3
P1561__1.0__3500___500 0.113016165793 486.5 -5.9 486.5 58.1 413.9 58.1 413.9 -5.9
P1720__1.0__1000___2500 0.425334304571 443.7 51.1 443.7 120.8 375.8 120.8 375.8 51.1
P1666__1.0__0___0 0.453370541334 249.1 156.2 249.1 192.5 211.1 192.5 211.1 156.2
P1666__1.0__0___0 0.403098553419 469.5 357.5 469.5 391.5 438.0 391.5 438.0 357.5
P0081__1.0__0___290 0.261594831944 501.6 -40.7 501.6 229.0 150.8 229.0 150.8 -40.7
P2429__1.0__0___2000 0.243058949709 76.6 263.8 76.6 284.9 54.2 284.9 54.2 263.8
P1581__1.0__3500___3400 0.110872790217 577.6 494.7 539.9 515.0 507.5 470.4 545.2 450.2
P1809__1.0__4000___3000 0.213294580579 449.5 280.3 449.5 403.8 322.7 403.8 322.7 280.3
P2330__1.0__0___0 0.148769304156 127.7 230.5 127.7 253.4 107.3 253.4 107.3 230.5
P2330__1.0__0___0 0.100926533341 628.8 231.7 552.5 245.1 526.6 124.5 602.9 111.1
P2121__1.0__0___515 0.160384938121 570.8 107.7 570.8 423.7 224.8 423.7 224.8 107.7
P2121__1.0__0___500 0.167149960995 562.8 128.8 562.8 427.3 232.8 427.3 232.8 128.8
P5789__1.0__2500___14000 0.101666554809 361.7 205.0 361.7 231.7 340.5 231.7 340.5 205.0
P5789__1.0__27000___8000 0.308689236641 353.0 50.4 353.0 72.7 332.3 72.7 332.3 50.4
P2721__1.0__2500___1500 0.179519057274 137.1 163.3 137.1 186.2 114.6 186.2 114.6 163.3
P2721__1.0__2500___1500 0.131869360805 210.5 124.4 210.5 150.7 187.5 150.7 187.5 124.4
P7800__1.0__424___424 0.128426611423 74.6 353.7 74.6 370.2 57.2 370.2 57.2 353.7
P2709__1.0__1500___1814 0.104620017111 353.4 337.1 353.4 418.5 250.9 418.5 250.9 337.1
P1713__1.0__500___3000 0.135242432356 412.1 465.3 412.1 522.8 352.8 522.8 352.8 465.3
P1230__1.0__4600___1500 0.106374524534 467.0 319.6 467.0 347.9 440.6 347.9 440.6 319.6
P2271__1.0__1000___2500 0.166756018996 373.4 49.0 373.4 115.0 287.3 115.0 287.3 49.0
P2504__1.0__500___1000 0.116974055767 531.5 480.8 531.5 546.9 464.7 546.9 464.7 480.8
P2504__1.0__500___1000 0.100711047649 494.9 365.2 494.9 463.2 397.8 463.2 397.8 365.2
P2446__1.0__1000___0 0.476987957954 199.1 277.1 199.1 358.3 124.9 358.3 124.9 277.1
P5789__1.0__13000___10500 0.262815743685 144.5 386.8 144.5 409.4 123.6 409.4 123.6 386.8
P3044__1.0__424___424 0.138115704060 401.8 124.8 374.5 140.2 355.8 120.9 383.1 105.6
P3044__1.0__424___424 0.118560545146 558.3 53.6 558.3 84.3 526.3 84.3 526.3 53.6
P5789__1.0__27500___20500 0.204953879118 340.0 507.7 340.0 535.9 312.2 535.9 312.2 507.7
P2802__1.0__4500___2500 0.105353213847 151.5 360.0 151.5 499.6 3.6 499.6 3.6 360.0
P2766__1.0__4845___2500 0.104885078967 164.1 220.4 164.1 239.4 143.8 239.4 143.8 220.4
P0161__1.0__500___2114 0.106648042798 575.1 140.9 575.1 263.6 438.2 263.6 438.2 140.9
P2645__1.0__2500___2500 0.117261983454 456.3 33.2 456.3 298.9 179.8 298.9 179.8 33.2
P2645__1.0__4000___1000 0.109363116324 306.0 151.5 306.0 229.2 225.6 229.2 225.6 151.5
P2093__1.0__697___0 0.142573669553 208.5 2.3 208.5 162.3 12.1 162.3 12.1 2.3
P2093__1.0__500___0 0.101782031357 421.1 -5.2 421.1 162.1 215.6 162.1 215.6 -5.2
P1377__1.0__1000___1500 0.106416113675 647.0 147.4 647.0 344.9 461.8 344.9 461.8 147.4
P2504__1.0__0___0 0.117084130645 603.2 365.9 603.2 397.5 577.4 397.5 577.4 365.9
P1569__1.0__2500___0 0.104141190648 157.4 571.9 157.4 607.8 111.1 607.8 111.1 571.9
P2541__1.0__2000___0 0.389284938574 444.0 380.3 444.0 400.5 424.3 400.5 424.3 380.3
P2541__1.0__2000___0 0.161684423685 579.0 481.7 579.0 498.7 562.0 498.7 562.0 481.7
P2745__1.0__3000___1500 0.111797258258 82.6 -0.2 82.6 18.7 63.8 18.7 63.8 -0.2
P5789__1.0__25000___21500 0.133621796966 326.7 460.7 326.7 487.7 300.3 487.7 300.3 460.7
P1518__1.0__0___2000 0.120917804539 30.4 575.4 30.4 604.4 -10.7 604.4 -10.7 575.4
P0086__1.0__557___0 0.187179639935 157.9 440.0 157.9 636.0 -33.7 636.0 -33.7 440.0
P1751__1.0__1500___0 0.285046666861 233.1 199.9 233.1 236.1 196.0 236.1 196.0 199.9
P1751__1.0__1500___0 0.256173908710 392.7 581.5 392.7 605.6 364.2 605.6 364.2 581.5
P2695__1.0__0___1500 0.102649942040 553.3 583.4 553.3 596.5 539.5 596.5 539.5 583.4
P0696__1.0__0___0 0.102378487587 402.5 -5.7 402.5 25.6 369.5 25.6 369.5 -5.7
P1283__1.0__0___3400 0.266735285521 272.5 450.3 272.5 505.8 220.2 505.8 220.2 450.3
P1373__1.0__1000___500 0.120549432933 208.2 331.0 208.2 361.1 179.8 361.1 179.8 331.0
P2802__1.0__3000___500 0.107199467719 666.5 145.9 666.5 362.4 361.8 362.4 361.8 145.9
P2802__1.0__3000___500 0.103408508003 377.2 276.9 377.2 527.2 114.5 527.2 114.5 276.9
P2542__1.0__0___1000 0.185451924801 562.7 40.7 562.7 74.2 530.2 74.2 530.2 40.7
P1752__1.0__3400___0 0.151422724128 473.2 410.5 473.2 441.8 442.0 441.8 442.0 410.5
P9169__1.0__0___424 0.116261869669 483.6 300.9 483.6 317.8 433.3 317.8 433.3 300.9
P0060__1.0__1000___0 0.239933282137 333.7 520.7 333.7 619.1 230.2 619.1 230.2 520.7
P1763__1.0__2500___3400 0.162624508142 239.3 474.3 239.3 513.9 196.1 513.9 196.1 474.3
P1570__1.0__1000___4364 0.268817752600 65.4 463.8 65.4 484.1 44.3 484.1 44.3 463.8
P1518__1.0__2000___2000 0.146676212549 315.7 311.0 315.7 333.0 297.1 333.0 297.1 311.0
P2152__1.0__650___40 0.157756671309 204.2 324.9 204.2 383.6 143.6 383.6 143.6 324.9
P1410__1.0__2000___3500 0.117295131087 242.2 325.4 242.2 391.4 178.0 391.4 178.0 325.4
P2547__1.0__0___1825 0.258720219135 280.0 10.9 280.0 31.5 260.3 31.5 260.3 10.9
P5789__1.0__27500___9500 0.180303364992 383.1 324.6 383.1 350.3 358.4 350.3 358.4 324.6
P1529__1.0__1500___3400 0.146223261952 371.6 506.9 371.6 609.5 272.8 609.5 272.8 506.9
P0262__1.0__0___1000 0.110113665462 622.7 476.0 622.7 640.0 461.4 640.0 461.4 476.0
P1283__1.0__0___500 0.216007098556 35.1 361.7 35.1 379.0 17.8 379.0 17.8 361.7
P2714__1.0__2000___500 0.100014202297 28.8 393.3 28.8 411.3 7.9 411.3 7.9 393.3
P1752__1.0__1000___2000 0.294218540192 188.6 368.3 188.6 396.8 159.5 396.8 159.5 368.3
P0262__1.0__0___0 0.263953298330 183.7 42.0 183.7 90.1 140.7 90.1 140.7 42.0
P1713__1.0__0___500 0.200654685497 34.3 439.4 34.3 492.5 -14.4 492.5 -14.4 439.4
P1651__1.0__1500___2500 0.259566336870 431.7 70.6 431.7 117.1 388.1 117.1 388.1 70.6
P1586__1.0__0___3400 0.466616898775 477.5 122.6 477.5 168.4 431.5 168.4 431.5 122.6
P4265__1.0__424___0 0.134730741382 134.3 56.8 134.3 73.8 116.6 73.8 116.6 56.8
P10795__1.0__424___0 0.115576051176 562.7 419.5 562.7 446.7 530.6 446.7 530.6 419.5
P0161__1.0__1500___2000 0.189431324601 175.0 311.5 175.0 372.7 124.6 372.7 124.6 311.5
P8601__1.0__424___424 0.106956407428 520.8 493.0 520.8 512.5 491.2 512.5 491.2 493.0
P2678__1.0__3500___1500 0.152631819248 197.4 500.5 197.4 552.1 142.5 552.1 142.5 500.5
P2429__1.0__0___2220 0.204181671143 78.6 42.4 78.6 66.2 52.4 66.2 52.4 42.4
P5789__1.0__28600___15500 0.101557850838 338.4 305.3 338.4 331.6 315.3 331.6 315.3 305.3
P0897__1.0__0___4428 0.124410443008 556.5 540.6 556.5 582.9 519.8 582.9 519.8 540.6
P1179__1.0__3500___2500 0.259713679552 378.6 355.7 318.4 373.1 281.4 273.0 341.5 255.7
P1754__1.0__0___0 0.457200258970 521.3 118.2 521.3 148.7 491.4 148.7 491.4 118.2
P1754__1.0__0___0 0.115127049387 411.6 -1.9 411.6 53.1 360.0 53.1 360.0 -1.9
P5789__1.0__18000___12500 0.208534687757 507.6 200.3 507.6 234.9 472.2 234.9 472.2 200.3
P1598__1.0__1500___3500 0.115242697299 400.9 383.0 384.2 391.3 370.9 372.0 387.6 363.7
P2331__1.0__2500___0 0.175207927823 33.8 372.3 33.8 398.2 9.4 398.2 9.4 372.3
P2331__1.0__2500___0 0.129812717438 54.0 476.1 54.0 502.9 29.1 502.9 29.1 476.1
P1754__1.0__2500___0 0.503223955631 203.2 42.8 203.2 88.9 160.3 88.9 160.3 42.8
P1754__1.0__2500___0 0.323427140713 216.0 206.3 216.0 246.2 179.3 246.2 179.3 206.3
P1754__1.0__2500___0 0.161692246795 182.9 476.7 182.9 512.3 148.6 512.3 148.6 476.7
P2645__1.0__2000___2500 0.153710961342 440.8 380.6 440.8 535.7 275.4 535.7 275.4 380.6
P2709__1.0__1000___1500 0.107617132366 578.9 443.5 578.9 584.9 441.2 584.9 441.2 443.5
P1380__1.0__3797___4094 0.112322859466 492.9 333.9 492.9 381.7 439.4 381.7 439.4 333.9
P1586__1.0__0___500 0.114557728171 186.6 475.7 186.6 505.4 162.4 505.4 162.4 475.7
P1384__1.0__1000___5035 0.319558918476 159.3 289.1 159.3 313.1 141.3 313.1 141.3 289.1
P2197__1.0__1500___0 0.193899616599 443.3 246.8 443.3 341.7 345.6 341.7 345.6 246.8
P1240__1.0__1500___1000 0.321510106325 395.3 84.4 395.3 110.3 370.0 110.3 370.0 84.4
P5789__1.0__28000___11000 0.285618364811 304.9 451.0 304.9 473.4 282.2 473.4 282.2 451.0
P0086__1.0__0___0 0.162735268474 627.1 408.8 627.1 659.4 313.6 659.4 313.6 408.8
P0801__1.0__1500___0 0.135259360075 517.1 -6.4 517.1 74.9 431.3 74.9 431.3 -6.4
P1370__1.0__3000___500 0.276820749044 231.0 560.4 231.0 587.2 203.0 587.2 203.0 560.4
P10251__1.0__0___424 0.162905663252 78.8 265.5 78.8 290.1 53.6 290.1 53.6 265.5
P1647__1.0__2500___2000 0.114915132523 407.6 533.3 407.6 567.6 371.6 567.6 371.6 533.3
P6135__1.0__0___0 0.294119775295 290.3 41.0 290.3 67.8 258.0 67.8 258.0 41.0
P1246__1.0__3000___2000 0.100650779903 574.3 275.2 574.3 297.0 551.2 297.0 551.2 275.2
P5789__1.0__19000___9500 0.231268242002 474.5 522.8 474.5 561.2 433.6 561.2 433.6 522.8
P2724__1.0__2000___1856 0.219321578741 233.3 295.3 233.3 316.5 211.2 316.5 211.2 295.3
P2724__1.0__2000___1856 0.177752882242 53.5 478.5 53.5 501.7 30.2 501.7 30.2 478.5
P2721__1.0__1000___1853 0.162292033434 447.1 271.5 447.1 290.5 428.6 290.5 428.6 271.5
P2678__1.0__0___1500 0.146894648671 392.7 458.7 392.7 545.0 315.7 545.0 315.7 458.7
P1651__1.0__3000___3000 0.132225036621 454.4 50.9 454.4 73.8 430.0 73.8 430.0 50.9
P1699__1.0__0___500 0.474941045046 520.7 304.8 520.7 348.4 475.7 348.4 475.7 304.8
P2766__1.0__1500___4996 0.134492829442 229.4 73.4 229.4 138.3 166.6 138.3 166.6 73.4
P1643__1.0__0___500 0.196854293346 154.4 81.0 154.4 123.0 114.2 123.0 114.2 81.0
P10733__1.0__0___424 0.354427665472 245.8 252.2 245.8 272.0 221.7 272.0 221.7 252.2
P2778__1.0__2000___0 0.124928958714 52.7 464.4 52.7 516.0 6.0 516.0 6.0 464.4
P2450__1.0__1000___500 0.396571606398 21.1 89.2 21.1 122.9 -8.5 122.9 -8.5 89.2
P5789__1.0__25500___4500 0.110628664494 356.6 155.0 356.6 200.6 311.6 200.6 311.6 155.0
P1257__1.0__3400___2000 0.145340979099 374.6 106.0 374.6 138.5 342.1 138.5 342.1 106.0
P5789__1.0__23000___26500 0.102630980313 603.0 -10.3 603.0 30.4 560.6 30.4 560.6 -10.3
P5789__1.0__21500___18500 0.507575452328 215.5 395.9 215.5 431.6 179.9 431.6 179.9 395.9
P1752__1.0__3000___2000 0.157403767109 20.7 154.3 20.7 185.0 -9.6 185.0 -9.6 154.3
P5789__1.0__17000___11000 0.164245843887 501.8 -0.7 501.8 156.7 335.0 156.7 335.0 -0.7
P1075__1.0__1563___1500 0.152001053095 118.8 -1.4 118.8 61.8 61.4 61.8 61.4 -1.4
P5789__1.0__21500___26000 0.150181323290 504.8 377.2 504.8 403.7 476.9 403.7 476.9 377.2
P2766__1.0__1000___2500 0.147354662418 520.8 510.3 520.8 598.0 427.2 598.0 427.2 510.3
P1380__1.0__2500___500 0.148881316185 292.3 118.4 292.3 246.1 152.6 246.1 152.6 118.4
P2488__1.0__1000___1000 0.539112210274 425.4 296.3 425.4 363.1 362.8 363.1 362.8 296.3
P2714__1.0__3937___1000 0.431906282902 73.6 462.7 73.6 486.7 50.5 486.7 50.5 462.7
P5789__1.0__27000___3000 0.108162805438 539.4 35.0 539.4 72.3 497.1 72.3 497.1 35.0
P1384__1.0__5000___2000 0.145158082247 605.8 67.1 605.8 104.4 581.4 104.4 581.4 67.1
P1065__1.0__0___1500 0.234176531434 84.6 13.4 84.6 71.0 30.9 71.0 30.9 13.4
P1380__1.0__3500___3000 0.332502603531 346.3 234.3 346.3 330.0 250.3 330.0 250.3 234.3
P1384__1.0__0___2000 0.383143782616 194.7 150.9 194.7 172.2 177.6 172.2 177.6 150.9
P1384__1.0__0___2000 0.187780916691 269.0 343.7 269.0 361.4 254.2 361.4 254.2 343.7
P1242__1.0__2000___1500 0.109070807695 582.7 363.6 582.7 464.0 484.7 464.0 484.7 363.6
P1283__1.0__1000___500 0.246312573552 205.2 182.5 205.2 213.9 174.9 213.9 174.9 182.5
P5789__1.0__11500___1000 0.166708648205 241.9 388.5 241.9 471.9 154.4 471.9 154.4 388.5
P1586__1.0__1500___3400 0.314140290022 398.8 423.6 398.8 460.0 364.2 460.0 364.2 423.6
P2724__1.0__3000___1000 0.265053629875 356.3 460.6 356.3 486.7 328.6 486.7 328.6 460.6
P2724__1.0__3000___1000 0.106290742755 493.8 263.3 493.8 283.9 472.5 283.9 472.5 263.3
P1672__1.0__2000___0 0.488225013018 146.2 226.7 146.2 272.3 104.5 272.3 104.5 226.7
P1763__1.0__500___3000 0.246464312077 575.9 241.0 575.9 282.7 533.3 282.7 533.3 241.0
P1763__1.0__500___3000 0.134942561388 606.5 208.0 606.5 252.4 574.1 252.4 574.1 208.0
P5789__1.0__18500___12000 0.232167720795 424.5 52.8 424.5 95.0 379.8 95.0 379.8 52.8
P5789__1.0__18500___12000 0.184199362993 301.8 269.3 301.8 317.9 253.5 317.9 253.5 269.3
P1679__1.0__0___2000 0.107810631394 492.3 496.6 492.3 547.2 440.6 547.2 440.6 496.6
P0789__1.0__0___0 0.131399452686 586.5 58.6 586.5 153.8 489.9 153.8 489.9 58.6
P1584__1.0__1000___2000 0.118826083839 321.1 314.6 321.1 361.0 275.6 361.0 275.6 314.6
P1075__1.0__1500___1500 0.164673447609 181.8 -2.3 181.8 62.4 125.7 62.4 125.7 -2.3
P2714__1.0__1500___1000 0.115719750524 260.4 535.1 260.4 564.2 232.3 564.2 232.3 535.1
P1809__1.0__3500___5500 0.113467514515 217.7 605.8 111.3 630.3 42.4 455.3 148.8 430.8
P1919__1.0__58___0 0.102267451584 191.5 132.4 191.5 190.7 124.3 190.7 124.3 132.4
P1577__1.0__1000___1000 0.274430453777 435.4 521.1 435.4 546.9 410.7 546.9 410.7 521.1
P1577__1.0__1000___1000 0.183277517557 410.9 495.5 410.9 523.5 383.6 523.5 383.6 495.5
P2502__1.0__500___0 0.136870875955 203.0 583.2 92.1 595.2 48.1 372.9 159.1 360.9
P1752__1.0__1500___2000 0.289011389017 500.4 548.8 500.4 573.3 473.6 573.3 473.6 548.8
P0104__1.0__325___500 0.208200246096 197.1 -27.9 197.1 96.1 23.6 96.1 23.6 -27.9
P2126__1.0__297___0 0.152760162950 79.6 191.1 79.6 325.1 -27.3 325.1 -27.3 191.1
P5789__1.0__27500___21000 0.167437702417 341.7 7.0 341.7 37.0 311.0 37.0 311.0 7.0
P0161__1.0__2004___500 0.452591031790 455.2 423.6 455.2 516.7 357.4 516.7 357.4 423.6
P1619__1.0__3000___1500 0.377679377794 613.8 518.3 613.8 581.4 558.4 581.4 558.4 518.3
P1384__1.0__4500___2000 0.431719481945 75.1 -13.6 75.1 57.4 9.0 57.4 9.0 -13.6
P2689__1.0__3000___500 0.234962910414 423.9 470.3 423.9 517.3 372.1 517.3 372.1 470.3
P2754__1.0__0___2000 0.103442579508 526.6 516.0 526.6 552.9 485.7 552.9 485.7 516.0
P2331__1.0__2674___500 0.134043455124 519.0 303.3 519.0 322.5 502.1 322.5 502.1 303.3
P1598__1.0__2000___4000 0.371966123581 445.1 356.5 445.1 390.8 407.7 390.8 407.7 356.5
P1693__1.0__3400___500 0.100756295025 497.6 80.4 497.6 115.9 458.8 115.9 458.8 80.4
P0081__1.0__0___0 0.226848259568 532.9 212.4 532.9 552.1 111.7 552.1 111.7 212.4
P0897__1.0__500___4428 0.136424303055 55.6 541.5 55.6 582.4 20.3 582.4 20.3 541.5
P0150__1.0__122___0 0.164660453796 357.9 219.3 357.9 257.5 318.4 257.5 318.4 219.3
P2504__1.0__1000___1000 0.102904170752 41.8 476.3 41.8 551.4 -21.8 551.4 -21.8 476.3
P1679__1.0__500___2000 0.167599335313 612.4 351.5 612.4 396.5 567.6 396.5 567.6 351.5
P2724__1.0__3500___0 0.118425920606 130.8 553.4 130.8 570.1 114.5 570.1 114.5 553.4
P1752__1.0__3000___3400 0.139441028237 163.7 485.9 163.7 534.2 113.0 534.2 113.0 485.9
P5789__1.0__22000___12500 0.127138078213 525.0 153.7 525.0 184.8 489.0 184.8 489.0 153.7
P5789__1.0__22000___12500 0.109944202006 570.9 348.9 570.9 373.0 544.4 373.0 544.4 348.9
P1007__1.0__5500___662 0.113996118307 473.7 352.9 473.7 426.6 409.3 426.6 409.3 352.9
P9467__1.0__0___1000 0.103416532278 133.7 487.7 133.7 556.8 55.5 556.8 55.5 487.7
P2754__1.0__500___1500 0.197716996074 173.3 212.8 173.3 262.4 127.3 262.4 127.3 212.8
P1598__1.0__500___2500 0.505874514580 498.3 443.8 498.3 488.3 457.3 488.3 457.3 443.8
P1598__1.0__500___2500 0.308937013149 556.0 0.1 556.0 35.7 520.0 35.7 520.0 0.1
P4138__1.0__424___424 0.138631165028 272.5 495.1 272.5 620.9 99.5 620.9 99.5 495.1
P2394__1.0__1000___0 0.101486325264 546.6 567.0 546.6 589.4 522.4 589.4 522.4 567.0
P0047__1.0__526___1567 0.133922800422 603.9 448.7 603.9 595.4 488.7 595.4 488.7 448.7
P1518__1.0__1500___0 0.169041633606 149.2 141.1 149.2 182.7 102.4 182.7 102.4 141.1
P2331__1.0__1500___0 0.141152381897 510.0 444.3 510.0 463.3 493.2 463.3 493.2 444.3
P1604__1.0__1500___0 0.120359383523 494.4 578.1 494.4 602.9 467.9 602.9 467.9 578.1
P0904__1.0__455___361 0.375513821840 437.6 298.5 437.6 417.8 319.2 417.8 319.2 298.5
P2330__1.0__500___0 0.115755327046 148.0 228.0 69.2 258.9 23.8 128.4 102.7 97.4
P2363__1.0__1500___1317 0.124425709248 140.7 291.8 140.7 313.7 112.8 313.7 112.8 291.8
P2718__1.0__3000___1500 0.109523668885 213.5 501.8 213.5 526.1 191.3 526.1 191.3 501.8
P1518__1.0__500___3400 0.261473268270 413.4 95.4 413.4 125.6 384.7 125.6 384.7 95.4
P1518__1.0__500___3400 0.104469306767 427.1 144.4 427.1 172.7 402.9 172.7 402.9 144.4
P5789__1.0__19500___9000 0.119111761451 219.6 -15.4 219.6 35.6 168.7 35.6 168.7 -15.4
P5789__1.0__27000___9000 0.157446935773 276.8 514.7 276.8 536.5 256.2 536.5 256.2 514.7
P2126__1.0__0___500 0.130241110921 173.7 400.6 173.7 459.4 102.8 459.4 102.8 400.6
P1770__1.0__1500___1000 0.282498836517 280.1 512.1 280.1 604.3 196.5 604.3 196.5 512.1
P1598__1.0__3400___0 0.624483942986 443.3 341.3 443.3 439.0 352.5 439.0 352.5 341.3
P2542__1.0__1506___1887 0.397522598505 125.0 222.6 125.0 244.4 103.8 244.4 103.8 222.6
